chr2
60717568
60717618
60717646
60717667
60717679
60717774
60717788
60717847
60717848
60717924
60717970
60717971
60718008
60718163
60718210
60718214
60718277
60718310
60718418
60718439
60718440
60718452
60718462
60718492
60718523
60718528
60718536
60718563
60718564
60718567
60718571
60718572
60718573
60718577
60718580
60718591
60718596
60718614
60718661
60718662
60718667
60718697
60718698
60718701
60718707
60718711
60718728
60718729
60718732
60718778
60718779
60721434
60721446
60721447
60721459
60721464
60721481
60721487
60721488
60721508
60721511
60721575
60721576
60721583
60721584
60721585
60721597
60721603
60721634
60721635
60721636
60721675
60721690
60721691
60721692
60721705
60721774
60721788
60721806
60721832
60721833
60721923
60721963
60721987
60721988
60722001
60722002
60722008
60722009
60722014
60722021
60722040
60722041
60722042
60722043
60722046
60722058
60722059
60722085
60722096
60722112
60722116
60722117
60722120
60722143
60722155
60722158
60722159
60722160
60722174
60722175
60722176
60722202
60722203
60722214
60722219
60722292
60722301
60722302
60722309
60722319
60722324
60722372
60722387
60722450
60722490
60722511
60722523
60722557
60722558
60722559
60722643
60722657
60724833
60724837
60724845
60724893
60724912
60724921
60724978
60725021
60725025
60725037
60725047
60725048
60725049
60725050
60725057
60725074
60725080
60725095
60725100
60725101
60725136
60725143
60725146
60725149
60725150
60725151
60725159
60725160
60725170
60725188
60725189
60725190
60725202
60725203
60725204
60725205
60725208
60725225
60725226
60725230
60725231
60725232
60725248
60725249
60725256
60725259
60725264
60725267
60725268
60725269
60725277
60725278
60725294
60725298
60725299
60725314
60725315
60725322
60725332
60725349
60725350
60725361
60725368
60725397
60725398
60725412
60725418
60725428
60725432
60725433
60725444
60725458
60725537
60725541
60725542
60725546
60725553
60725554
60725555
60725572
60725573
60725588
60725591
60725592
60725593
60725626
60725633
60725637
60725643
60725644
60725677
60725682
60725683
60725708
60725746
60725759
60725760
60725776
60725822
60725829
60725838
60725846
60725847
60725848
60725862
60725873
60725916
60725932
60725939
60725954
60726066
60726073
60726076
60726079
60717502
60717509
60717517
60717525
60717532
60717538
60717551
60717563
60717564
60717565
60717570
60717571
60717591
60717592
60717604
60717605
60717609
60717621
60717625
60717650
60717653
60717661
60717679
60717695
60717703
60717728
60717734
60717738
60717755
60717756
60717763
60717768
60717769
60717786
60717804
60717805
60717813
60717835
60717836
60717869
60717898
60717969
60717973
60717994
60718029
60718040
60718041
60718053
60718054
60718142
60718145
60718146
60718159
60718162
60718163
60718164
60718169
60718170
60718201
60718205
60718217
60718244
60718276
60718277
60718316
60718347
60718350
60718359
60718431
60718444
60718474
60718475
60718476
60718477
60718508
60718530
60718531
60718535
60718554
60718562
60718563
60718579
60718596
60718640
60718641
60718642
60718669
60718688
60718735
60718760
60718771
60718781
60718785
60718786
60718807
60718815
60721446
60721465
60721471
60721479
60721482
60721483
60721484
60721494
60721503
60721504
60721505
60721539
60721545
60721546
60721578
60721615
60721616
60721664
60721670
60721671
60721679
60721692
60721737
60721748
60721763
60721806
60721883
60721903
60721927
60721930
60721950
60721975
60721976
60721981
60721982
60721983
60721989
60722080
60722099
60722110
60722136
60722137
60722196
60722199
60722218
60722249
60722250
60722267
60722275
60722281
60722290
60722294
60722304
60722305
60722306
60722307
60722308
60722321
60722324
60722340
60722345
60722354
60722355
60722356
60722359
60722360
60722365
60722366
60722367
60722368
60722371
60722372
60722384
60722389
60722390
60722394
60722401
60722456
60722457
60722485
60722502
60722514
60722564
60722578
60722582
60722583
60722600
60722620
60722621
60722627
60722639
60722643
60724812
60724829
60724849
60724858
60724862
60724865
60724893
60724914
60724915
60724916
60724917
60724933
60724952
60724953
60724967
60724992
60725004
60725015
60725023
60725044
60725064
60725070
60725071
60725074
60725086
60725096
60725097
60725098
60725140
60725148
60725149
60725173
60725174
60725177
60725186
60725187
60725295
60725296
60725297
60725311
60725336
60725347
60725348
60725355
60725356
60725388
60725401
60725410
60725424
60725425
60725450
60725459
60725487
60725496
60725497
60725501
60725507
60725508
60725509
60725519
60725523
60725543
60725544
60725568
60725569
60725589
60725590
60725614
60725617
60725633
60725640
60725659
60725660
60725661
60725666
60725667
60725673
60725674
60725678
60725689
60725710
60725713
60725722
60725796
60725797
60725798
60725804
60725865
60725886
60725901
60725902
60725906
60725914
60725954
60725985
60726007
60726039
60726048