high0	high1	high2	high3	high4	high5	low0	low1	low2	low3	low4	low5	canver.plasmid	early0	early1	early2	unsorted1	unsorte21	unsorted3	unsorted4	unsorted5
1526	400	233	683	575	953	1064	341	487	200	1133	1698	644	1094	1070	214	350	382	386	453	374
3602	116	298	615	600	1306	1860	202	1209	206	1565	1993	635	1790	1368	220	272	1323	555	486	589
735	178	231	390	415	481	592	211	421	56	910	1067	294	665	450	109	238	458	182	336	239
769	169	165	359	481	771	591	124	475	202	964	1319	344	722	590	178	171	366	298	451	250
2495	355	689	916	761	1352	1593	403	1309	539	1793	1924	808	1682	1250	293	401	986	824	591	535
2060	146	891	739	617	1446	1400	391	749	375	1730	2075	752	1799	1425	300	430	754	496	555	555
2837	243	300	244	351	369	1015	180	301	119	935	764	639	1718	1204	209	273	495	265	261	148
993	432	168	379	362	733	872	325	429	121	943	1237	323	850	604	110	387	391	226	331	294
1320	238	448	572	575	1153	1034	235	550	279	1575	1821	401	978	632	171	275	596	352	526	468
1318	256	275	935	639	2213	1079	246	485	346	1857	2684	442	869	825	231	311	423	399	566	459
862	317	1031	488	621	1138	1010	288	740	135	1515	1751	372	850	652	180	271	789	335	431	417
442	218	271	599	428	944	526	281	518	145	897	901	345	562	483	123	268	740	192	346	261
578	172	637	273	264	589	724	250	410	108	669	1153	259	498	391	123	207	422	146	213	263
209	68	127	217	206	523	248	51	88	62	218	261	212	307	276	92	47	130	141	114	127
3754	732	260	838	1267	1513	2478	464	688	266	2360	2250	798	1974	1550	354	535	861	695	674	807
2751	571	307	690	786	1054	1295	236	691	282	1404	1906	788	1897	1263	251	329	645	573	444	449
2461	353	705	709	612	1074	1849	350	429	375	1256	2376	595	1536	1064	198	380	346	665	399	575
1006	216	1969	478	532	953	1089	419	1012	119	1172	1644	564	1065	877	187	485	1146	333	512	348
736	371	612	434	495	468	680	158	695	202	1109	1059	384	583	499	170	148	912	292	389	266
455	372	229	946	557	1254	530	314	618	310	1183	1977	334	552	499	171	360	810	321	514	477
840	626	273	623	630	780	886	285	605	178	1058	1800	357	942	517	168	274	845	301	385	358
1428	89	304	402	661	882	1050	199	566	210	1062	1343	479	1044	739	171	223	664	353	462	399
3447	262	456	618	692	1204	2107	275	1266	273	1474	1828	642	1739	1303	209	214	894	509	590	606
858	329	221	492	518	1130	1032	331	663	165	982	1641	389	822	753	176	361	558	385	372	319
1331	172	378	197	337	853	1208	265	358	81	890	1502	491	1081	796	166	263	524	197	248	299
211	198	482	675	420	1010	393	306	454	328	867	1579	298	313	251	89	264	417	266	379	405
203	137	683	274	305	795	251	135	964	130	688	1343	333	405	260	112	209	735	99	291	264
1	1	1	1	1	1	2	1	1	1	1	1	671	796	903	204	2	25	12	1	3
2	1	1	6	1	1	8	1	1	2	1	1	559	710	714	153	1	1	9	1	1
1	1	1	1	2	1	1	1	1	1	1	1	349	510	515	118	1	1	5	1	1
1	1	1	6	1	19	1	1	1	1	1	7	339	505	509	120	1	1	6	1	1
36	148	12	29	13	1	42	20	1	20	16	1	546	1043	941	207	204	72	27	4	5
1	1	1	7	1	1	1	1	1	1	1	1	320	469	457	105	1	1	6	1	1
1	1	1	1	1	18	1	1	1	1	1	1	200	149	138	91	1	11	5	1	1
1	1	26	33	1	9	3	6	30	11	1	1	278	243	260	87	5	10	1	1	1
2	1	1	1	1	1	12	1	1	9	1	1	556	1039	960	192	1	2	23	1	2
1	1	1	9	1	1	1	1	1	1	1	1	448	710	612	128	1	1	13	2	3
1048	97	157	230	309	622	792	85	386	95	849	919	683	1369	1022	231	94	562	251	209	215
4	1	20	1	19	1	6	3	57	2	1	1	230	219	257	77	1	78	5	9	3
4	1	1	32	1	1	1	1	1	17	5	1	111	60	65	35	1	1	2	1	1
1	1	1	15	1	3	1	4	1	1	2	20	145	53	34	36	1	3	3	1	4
4	1	1	18	6	1	77	1	1	1	1	1	1049	1781	1561	390	3	1	23	8	6
29	183	12	17	1	14	1	4	24	13	11	1	527	811	687	200	10	32	16	1	1
2	1	1	30	1	14	1	1	1	1	1	1	511	827	776	165	1	14	12	1	3
2	1	1	22	1	1	5	1	1	1	1	1	569	956	778	203	1	1	12	1	4
1	1	1	33	3	1	1	1	1	12	13	1	263	299	288	98	1	1	4	1	2
3	31	1	1	12	21	41	7	15	15	16	52	408	766	532	168	6	75	8	7	7
2	1	1	1	14	91	2	1	1	1	49	1	326	418	420	114	1	1	6	8	3
5	113	79	1	3	10	1	1	1	1	35	30	256	364	335	90	9	12	6	1	3
498	28	69	111	65	47	612	53	38	24	77	135	650	1212	996	223	56	42	68	65	22
1	1	1	1	36	1	1	2	1	1	51	1	327	444	409	125	1	1	12	27	5
8080	529	1068	2046	1708	2770	3962	637	1695	594	2872	4390	1154	3324	2369	405	751	2269	1239	1129	1271
3238	157	1077	601	624	1111	1519	284	704	213	1125	1562	560	1564	1151	189	218	641	592	426	486
1920	353	325	549	597	924	1593	232	476	185	1585	1746	474	1303	1114	207	256	434	322	518	405
1353	274	347	435	307	511	838	119	257	212	938	985	403	885	626	145	107	307	374	336	285
2676	403	209	685	660	598	1489	263	296	277	1284	1404	560	1665	1087	263	390	514	467	427	357
1074	36	854	795	578	964	1036	149	930	257	1069	1423	502	1035	714	188	199	1166	412	362	420
1864	294	216	729	525	845	1126	319	320	181	1250	1596	512	1171	786	212	237	270	588	502	496
1756	406	552	645	935	1435	1567	439	818	233	1481	2160	748	1582	1135	279	424	1284	528	694	609
369	132	162	361	402	225	496	144	324	136	1059	915	179	351	225	86	170	316	176	283	140
1629	321	114	528	484	774	924	223	235	125	1498	1471	550	1075	949	165	253	315	395	476	450
2134	804	453	770	1008	1606	2037	483	1343	291	2038	2753	717	1667	999	242	592	1180	504	746	587
1658	82	961	900	796	1315	1557	393	794	410	1403	2372	560	1187	1030	194	388	873	924	513	529
2350	306	389	645	716	993	1688	472	926	249	1734	2019	521	1382	1082	175	404	700	458	619	500
5100	298	663	929	1142	1752	3299	264	867	377	1977	3663	871	2600	1669	316	405	1071	721	700	853
7283	518	526	1088	1070	1538	3671	540	1062	284	2395	2675	1161	3042	2008	400	562	1345	827	745	829
221	45	121	131	75	83	175	46	70	14	109	120	313	551	439	136	16	83	45	57	28
1036	287	267	682	478	1076	606	327	532	211	675	1358	518	911	748	198	290	566	282	317	368
2193	483	277	693	638	1041	930	443	476	286	1466	1713	717	1503	1297	296	492	315	643	478	472
1321	309	3060	470	415	582	1122	194	3422	393	808	1559	597	1229	1011	228	242	3167	411	360	319
842	2	224	473	381	798	787	93	360	126	957	1141	442	982	794	194	116	341	287	228	278
3912	732	439	1198	777	1420	1939	494	970	297	1455	2760	822	2049	1604	299	462	601	594	534	605
1859	282	351	681	698	1018	1625	283	658	101	1212	1795	567	1293	906	199	350	610	428	446	391
1919	288	786	486	630	991	1631	163	899	189	1356	1494	828	1805	1356	270	228	1068	459	524	451
2093	245	893	493	701	1113	1592	364	698	208	1085	1542	702	1818	1154	279	446	567	300	463	513
810	16	62	645	260	526	877	78	291	116	695	876	292	611	464	126	123	310	248	185	277
951	130	209	606	487	767	1334	328	508	126	761	1709	367	973	721	156	338	648	355	319	390
460	162	361	474	699	1248	496	161	861	206	1478	1703	323	383	455	166	211	737	230	545	496
1730	278	164	390	496	864	1043	240	598	188	943	1924	464	1055	778	173	254	728	333	329	362
1301	433	66	898	733	1140	1496	597	410	364	1145	1902	477	1014	992	170	565	503	439	411	493
966	287	498	636	582	873	995	223	560	118	1565	1977	490	979	830	215	291	1036	291	485	411
950	477	1125	664	284	1003	682	324	608	319	616	1437	472	867	650	181	403	754	423	225	422
1606	455	426	561	592	1006	1185	355	1166	272	927	1962	533	1293	883	202	410	934	416	445	408
1698	195	185	527	415	578	950	184	505	252	1063	1654	279	779	642	122	195	318	517	404	455
1546	404	912	685	568	1192	1076	301	1260	258	1196	1919	491	1176	1083	211	406	1607	489	528	410
265	153	33	284	430	1099	504	151	282	188	911	1608	353	569	504	102	192	185	195	310	314
395	72	1026	709	274	723	326	130	787	281	615	1060	297	418	357	86	110	742	295	216	189
116	86	84	238	251	364	131	149	220	41	380	566	164	191	182	70	142	234	85	184	176
53	25	548	324	143	373	84	68	320	105	282	604	151	122	108	49	71	584	60	92	159
128	124	174	205	205	326	270	70	221	131	509	395	250	351	392	106	82	255	149	151	128
257	197	230	322	337	503	254	151	231	46	488	631	283	316	311	120	205	269	160	211	218
1101	1530	308	539	486	787	1012	625	738	187	1199	1527	496	1091	924	203	444	794	307	451	451
1363	85	527	1013	595	855	1083	279	619	363	1506	1903	465	955	828	179	215	647	527	514	497
1124	87	851	926	722	1322	1152	362	1018	272	1170	2061	473	869	598	213	283	851	404	514	491
653	450	126	431	486	657	874	274	309	243	1200	1257	290	767	555	138	288	393	346	398	315
1261	510	488	913	614	1598	1157	473	968	459	1234	2756	459	1205	835	214	395	866	536	352	618
3845	652	355	956	814	1576	2172	300	373	282	1905	2874	946	2228	1795	346	390	700	797	581	706
4139	270	603	956	967	1567	3044	499	731	378	1732	3121	968	2364	1686	374	441	836	705	624	767
1552	1	1	538	206	391	1055	154	366	160	836	721	461	1138	812	120	183	345	620	297	230
2456	94	444	713	777	1169	1888	363	701	374	1904	2169	888	1902	1736	348	335	705	748	711	648
2090	182	458	424	577	875	1275	262	970	198	1518	1990	741	1614	1286	274	251	587	409	541	668
1571	377	1355	583	537	1088	1612	234	1103	235	1380	1920	587	1377	1089	233	312	1437	516	525	523
1234	212	336	741	586	890	1274	271	537	218	1412	1296	545	1124	927	250	291	502	483	566	419
2309	494	444	518	462	1016	1593	287	429	177	1432	1793	475	1416	1000	218	271	494	352	483	503
102	123	78	235	299	371	242	126	249	67	536	899	223	217	190	93	136	377	84	248	199
2445	530	657	781	783	1052	1755	476	726	207	1600	1680	611	1591	1176	216	513	989	558	595	395
992	195	186	324	392	1070	911	295	549	114	591	1114	504	1107	883	211	230	703	221	248	351
892	78	362	305	418	749	829	191	478	172	1026	950	368	765	763	162	207	507	255	363	280
1195	277	336	510	489	698	1069	251	202	154	1017	1361	579	1191	882	209	314	527	254	306	390
343	95	193	84	203	331	287	150	384	29	528	858	226	358	317	73	127	456	78	153	177
1017	198	233	450	453	900	1161	256	228	237	792	1679	592	996	795	228	206	341	345	284	458
199	318	208	198	125	408	305	66	131	92	436	906	322	553	383	120	124	139	178	160	210
3549	554	3074	823	1162	1913	2595	549	1864	284	1898	4117	764	2239	1721	307	526	1473	646	891	850
1654	351	1430	786	499	666	1270	267	835	198	1101	1226	348	1064	700	145	342	762	423	411	298
896	64	192	158	445	757	700	218	296	148	1105	1396	468	969	819	169	145	323	225	340	310
1819	144	190	299	511	1160	1121	348	214	162	935	1641	574	1151	1038	209	364	418	245	354	445
167	30	131	441	323	625	199	72	291	38	635	598	202	318	262	85	58	170	116	278	177
583	213	917	583	593	1197	519	208	698	175	909	1556	366	642	561	145	216	728	326	418	300
210	177	231	484	530	721	348	111	334	130	742	1116	289	418	371	137	154	448	162	265	273
2	32	105	63	75	106	6	23	29	13	98	80	65	10	16	18	14	141	6	40	22
2480	560	446	446	519	857	1328	171	533	163	931	794	620	1483	1082	229	319	546	279	289	284
281	147	54	233	462	512	272	27	268	74	525	647	227	428	297	117	37	325	137	246	193
1173	239	623	265	560	492	528	152	259	62	484	379	509	870	676	192	178	415	126	143	85
1265	390	197	169	242	822	501	87	1	4	327	290	344	730	531	126	158	147	105	74	107
1072	199	404	361	365	408	809	258	296	92	1055	769	443	1051	744	162	324	333	195	328	203
3032	179	244	322	385	866	1769	345	442	109	1090	1899	470	1176	910	168	201	561	264	386	404
1272	134	608	492	634	1125	997	333	854	355	1850	1988	470	1093	743	223	280	930	317	532	535
3359	410	498	312	567	911	1809	449	645	139	1150	1521	863	2145	1635	308	530	621	270	391	375
4271	610	524	1050	744	1122	2324	656	1138	464	1333	1990	746	2200	1757	296	742	1165	713	542	514
1026	230	242	618	550	809	862	237	651	230	1168	1444	412	786	592	143	195	538	369	429	338
3907	413	534	885	797	1089	2180	383	1143	185	1735	2163	778	2384	1624	310	450	983	578	623	592
2326	120	428	606	580	727	1684	290	411	209	1789	1199	605	1514	1231	166	241	459	467	555	458
1375	82	211	202	322	578	810	116	470	111	682	767	410	872	681	119	170	333	258	214	251
2126	290	232	524	679	1602	1440	279	691	223	1648	2232	473	1253	1023	196	197	1022	474	564	458
581	349	266	550	664	1430	785	257	560	200	1176	1873	272	582	424	122	273	727	253	426	347
169	138	137	276	264	462	332	91	245	108	471	892	148	209	126	57	84	163	68	164	117
2307	267	134	347	682	1203	1329	279	524	127	1267	1611	636	1492	1229	273	225	239	292	500	349
3798	850	249	601	539	848	1100	398	440	268	936	1733	543	985	738	179	330	371	311	308	394
619	79	121	242	178	568	384	90	499	159	521	1317	256	504	372	88	81	450	148	152	256
358	187	271	532	384	970	295	158	476	155	576	1315	278	415	398	110	170	528	307	225	302
1679	266	923	525	483	953	1155	288	891	217	708	1100	539	1325	958	193	263	739	377	294	381
667	16	284	328	298	650	666	123	378	86	831	1444	313	625	588	109	213	447	201	224	254
3372	762	387	714	475	874	1381	418	624	128	1239	1730	494	1348	1091	192	427	772	534	414	417
1147	267	319	565	612	1015	943	260	656	229	1242	2133	520	1119	838	199	191	468	297	360	579
1488	497	634	653	491	1679	1082	204	732	101	1477	2086	549	1116	904	190	130	844	513	377	585
2322	109	319	603	740	829	1688	192	350	191	1121	1629	771	1593	1355	257	202	401	447	538	451
1913	282	668	762	703	1085	1212	289	933	273	1582	1416	658	1555	1249	267	279	1284	537	495	455
675	140	24	523	382	882	778	213	168	220	1140	1153	230	604	431	111	161	167	359	354	315
2067	479	453	1595	1311	2292	2059	657	1191	603	2602	3236	722	1507	1173	374	715	1418	911	875	1005
1812	392	428	540	572	1211	1242	386	377	277	1341	1518	490	1363	1092	210	445	467	539	444	457
698	379	224	589	341	651	662	171	344	245	541	1064	300	567	431	134	286	404	267	201	268
781	96	264	189	374	780	717	240	359	162	814	988	378	813	652	146	224	383	144	356	342
858	515	254	438	416	657	747	258	561	112	1040	1380	453	861	680	172	226	535	234	286	313
1198	501	235	439	550	1132	936	435	897	219	1290	1488	420	1029	734	173	485	499	314	363	598
141	173	410	568	415	757	269	124	390	196	700	1223	301	328	277	115	172	587	231	279	316
34	66	252	266	249	262	74	44	379	153	458	722	175	133	128	54	65	236	86	218	165
40	253	100	100	308	368	66	125	139	86	527	370	177	103	112	54	130	265	78	247	96
147	23	107	102	119	181	162	37	92	63	252	386	113	191	138	43	48	138	54	96	96
284	145	386	296	398	653	334	171	359	186	540	820	251	312	280	101	194	218	148	178	215
4947	276	946	889	867	1022	2611	222	655	234	1994	2374	946	2453	1679	335	271	813	572	480	677
4121	1887	426	970	1149	1668	2503	658	844	361	2236	2849	1013	2634	1954	381	552	971	654	698	684
1025	213	41	380	408	743	945	154	149	130	995	1587	488	1008	904	218	186	249	322	361	442
544	93	335	345	724	914	606	190	688	188	883	1035	420	845	560	166	243	655	173	406	332
60	1	125	15	14	171	66	1	101	1	39	127	44	78	85	17	3	143	37	11	42
2196	493	436	677	783	1268	1690	383	427	372	1439	1832	717	1396	1261	282	370	424	558	459	589
253	90	345	491	527	1157	417	224	636	125	1339	2436	320	437	374	145	192	635	223	321	425
95	160	90	198	324	536	201	215	222	68	655	1344	164	164	131	82	210	189	100	192	150
51	210	273	278	394	915	84	204	336	161	600	1573	247	136	135	87	180	559	72	293	230
70	135	322	279	404	708	162	148	411	163	491	1040	250	175	131	89	131	581	96	202	190
75	58	140	318	211	487	109	106	222	58	489	741	121	110	106	43	112	263	70	164	150
2741	446	547	718	562	1008	1599	336	737	288	1050	1719	561	1413	996	220	312	817	640	425	508
1148	129	18	251	411	1067	1184	151	128	215	761	1285	426	1037	725	166	213	184	282	264	370
1742	141	430	519	577	1047	1185	212	715	275	976	1076	506	1246	907	236	175	832	484	326	279
5149	990	806	918	1211	1452	3165	294	1188	233	2168	2566	976	2353	1730	330	471	1205	711	874	738
3322	608	156	569	792	1272	2545	528	335	447	1541	2233	873	2274	1533	338	486	556	608	613	603
276	255	301	336	532	828	528	128	353	178	1202	1072	398	626	407	137	97	439	190	392	327
899	210	735	504	634	820	1068	399	637	186	1729	1543	511	933	704	204	424	1052	418	599	439
113	116	308	238	480	538	178	164	182	125	789	776	184	208	161	92	118	282	93	313	174
1261	461	297	718	605	917	1110	300	829	496	1418	1697	521	1024	819	188	290	703	521	421	375
1024	170	423	295	283	433	948	280	397	79	499	911	418	894	670	153	270	460	240	168	205
660	121	47	496	221	529	557	218	76	146	579	772	301	867	512	121	176	195	312	252	237
2876	141	489	759	987	1629	2618	366	664	391	2230	3298	792	1956	1430	285	359	893	742	728	871
1425	388	524	737	483	575	971	359	935	290	716	1303	559	1074	798	194	308	726	466	372	375
4161	553	913	976	850	1316	2068	290	779	352	1646	2033	830	2034	1368	294	386	965	635	583	563
1859	163	181	410	425	624	1333	108	124	186	1387	1030	489	1217	873	172	133	235	366	390	338
328	180	152	571	202	698	379	192	198	238	460	891	305	444	366	108	199	277	245	157	151
122	100	114	338	268	296	149	80	232	167	611	868	144	214	184	63	130	320	137	138	190
182	95	261	233	296	374	281	101	163	19	421	653	316	359	303	86	130	262	133	226	168
286	130	937	567	407	734	486	129	502	169	745	1327	313	519	351	165	140	499	216	261	282
189	155	315	253	481	405	353	142	217	19	763	477	281	404	332	117	112	307	130	300	167
3121	263	698	453	580	1055	1684	152	248	141	1258	1722	679	1689	1218	246	265	388	350	317	408
240	191	179	282	305	665	375	217	281	77	581	936	230	298	254	98	196	438	172	157	205
562	93	281	612	273	661	369	161	263	169	932	1303	397	683	544	136	233	432	372	300	287
846	142	338	486	424	764	681	85	471	185	814	1698	568	934	873	226	153	402	444	275	387
588	178	366	300	364	672	336	74	387	128	794	870	439	962	693	178	125	597	230	280	245
429	148	224	190	206	271	305	61	267	54	387	579	146	367	210	59	57	406	38	107	156
3993	863	539	354	425	534	1456	139	317	330	854	964	587	1464	1157	182	180	398	460	292	287
1376	16	365	217	341	769	490	88	294	83	514	916	390	894	608	116	38	470	206	200	161
1038	556	338	738	480	668	1094	226	575	211	1948	1923	605	1215	869	247	297	546	368	335	423
67	1	73	307	176	218	119	98	166	66	433	368	131	133	136	70	117	297	120	193	79
215	56	224	757	510	753	408	142	816	398	1816	2226	379	440	417	186	213	843	594	565	401
592	237	248	676	479	435	719	283	673	122	1500	1742	309	697	580	147	293	517	375	447	404
316	127	73	412	380	593	609	392	284	135	1175	2250	245	486	468	130	329	317	302	373	482
1252	95	357	636	612	1115	1425	291	909	292	2100	1710	666	1357	1115	286	352	643	407	583	512
1072	429	519	540	731	1196	1377	445	1078	296	2020	1977	651	1050	885	284	392	1078	349	651	582
3395	324	433	600	321	870	1742	246	343	159	970	1100	720	1741	1412	198	254	491	378	349	403
854	73	117	251	296	623	602	116	351	202	595	875	315	664	496	134	107	276	193	230	228
3094	319	581	1122	883	1243	1603	238	688	383	1817	2199	726	1833	1077	257	188	796	873	666	676
534	732	266	534	377	816	749	246	368	287	847	923	329	756	577	149	286	360	314	339	354
1880	444	178	853	408	1196	1609	139	354	181	1923	2778	549	1261	805	205	187	430	558	616	784
797	341	124	647	277	669	959	295	757	305	1388	2831	393	933	595	178	298	531	403	529	613
830	121	279	736	441	995	901	156	1255	337	1560	1970	417	923	654	173	150	1091	492	615	554
634	271	207	488	259	315	710	384	291	83	715	958	334	572	570	126	286	289	267	237	252
444	82	290	300	323	397	441	225	301	115	821	883	313	565	473	98	150	281	230	290	272
1306	372	232	178	419	417	662	88	252	98	630	833	563	985	834	190	70	391	224	224	201
1364	353	1798	605	397	838	1142	160	430	172	932	1896	561	1272	1008	191	199	986	267	329	381
2176	1135	424	418	677	608	1224	345	481	123	1555	1183	607	1512	1264	211	665	499	382	426	404
1545	122	99	413	599	905	825	114	337	96	833	508	447	1003	775	188	147	463	156	255	277
4813	322	1171	497	843	1442	1683	268	764	257	1171	1523	715	1964	1356	275	254	999	528	348	431
4216	428	857	531	549	969	1579	304	734	186	972	1109	600	1988	1229	207	375	797	521	383	486
4563	265	777	501	639	1176	1378	229	732	234	1104	1229	630	1702	1203	247	398	886	307	342	341
3021	101	322	486	516	688	1277	118	558	61	746	1027	600	1438	1162	187	175	528	298	357	370
5832	326	918	1062	943	1493	2578	460	889	296	1422	2384	1081	2625	2232	415	401	734	615	479	785
2323	253	677	431	476	779	1141	72	263	60	588	693	440	1054	854	196	140	485	297	307	241
2890	494	513	377	717	933	1444	212	402	151	1220	1338	663	1716	1322	239	246	583	377	379	316
1925	175	258	185	399	347	916	111	143	78	541	943	342	1017	680	126	93	244	162	181	198
2467	204	521	457	539	1141	1689	193	487	203	1228	1185	687	1550	1312	248	264	826	306	381	389
197	113	418	385	437	972	492	379	797	225	1552	1701	320	325	392	142	313	741	188	416	272
4450	580	1006	522	583	1362	2518	395	984	113	1065	2299	876	2517	1934	292	545	861	488	415	549
5219	646	533	719	1467	1603	2603	566	1050	482	2986	3298	1083	3058	2181	402	637	930	804	1183	992
1683	199	578	979	603	824	1216	281	622	212	1235	1319	533	1316	1012	204	223	590	573	432	432
671	123	527	456	423	683	791	203	730	168	837	1321	411	673	566	167	191	738	243	281	341
659	81	598	661	280	601	577	68	669	181	447	1024	448	719	642	162	105	589	305	233	269
735	164	339	408	580	790	744	122	455	129	1188	1226	604	1009	844	200	136	663	236	466	359
2686	211	1184	680	627	1249	1905	238	903	228	1585	1949	639	1743	1280	213	257	923	270	524	492
2616	176	1046	848	848	1273	2146	346	444	310	1654	2286	848	2032	1532	317	433	808	575	517	585
2067	504	398	375	433	1262	1501	310	925	236	1491	2171	660	1754	1329	303	406	696	503	528	578
385	318	424	496	308	870	399	191	530	97	885	1363	367	575	488	134	224	830	268	307	285
1966	572	528	947	614	1472	1424	519	1075	263	1355	1576	818	1717	1421	295	489	801	592	420	526
203	342	278	481	365	820	387	238	427	237	1086	1535	361	429	339	140	258	481	208	363	263
1410	126	747	487	202	1002	994	69	374	215	997	1079	627	1223	1016	217	131	556	381	218	436
2407	269	463	584	745	1460	1865	356	566	231	1722	2058	769	1965	1296	310	294	469	546	490	623
515	108	335	330	324	748	563	138	143	170	708	1437	373	699	668	164	167	460	216	252	265
1643	303	178	588	491	826	1376	285	504	206	947	1386	554	1152	1037	179	233	679	336	343	331
310	22	63	230	183	248	294	69	107	19	426	235	180	266	302	63	54	99	79	129	85
1072	103	1181	507	310	838	661	130	547	181	688	1179	378	733	638	156	159	670	389	294	338
350	199	86	215	304	354	327	91	184	68	373	548	339	473	481	118	158	256	181	156	163
1921	115	339	775	940	1271	1699	267	518	395	2060	2259	586	1570	1141	254	316	634	628	609	654
1130	381	187	1300	767	1065	1210	294	697	432	1527	1714	665	1156	935	282	286	655	657	516	476
188	11	100	344	374	515	249	72	145	144	787	1045	240	443	326	103	76	412	195	242	164
903	195	460	834	635	1073	626	264	975	332	1185	1958	461	813	618	175	212	1114	430	469	428
469	73	343	624	636	687	705	109	585	164	996	962	380	621	517	147	158	829	198	383	291
515	220	206	541	627	1084	656	397	495	220	1186	1854	435	715	677	196	348	482	252	507	390
1587	55	303	381	364	607	1024	93	440	137	537	1407	500	1043	917	215	166	253	299	225	392
3326	460	208	497	393	869	1931	412	381	146	1117	2275	624	1779	1498	252	384	432	354	410	474
2809	74	566	851	396	833	1907	298	557	296	1160	1673	499	1815	1099	243	358	522	527	377	417
2448	803	881	632	721	1373	2190	569	1072	287	1910	2451	510	1675	1114	268	641	1152	540	598	508
346	372	205	361	343	504	280	240	367	79	565	1005	198	335	270	87	152	375	148	168	203
188	168	319	450	374	761	330	357	603	205	864	1601	239	287	220	110	338	455	185	435	291
1126	256	430	705	682	871	1092	260	594	194	1343	1868	391	972	587	193	279	847	292	444	442
2467	290	1234	1721	882	1958	2206	448	1080	410	2555	3809	621	1632	1163	286	468	1181	790	905	703
288	53	141	308	476	935	433	66	205	51	1096	1181	257	445	280	98	111	171	194	370	299
1070	84	235	680	370	872	714	235	472	270	824	1473	349	792	532	139	180	392	431	231	403
625	73	61	483	696	1137	639	169	112	245	1041	1802	421	669	549	196	123	180	261	442	378
44	73	27	136	214	228	71	22	76	50	409	456	119	83	65	38	42	78	63	129	84
58	31	275	243	181	429	112	73	246	93	493	714	182	128	104	69	64	311	84	160	164
1846	508	347	929	884	1667	1381	263	796	293	1952	1938	591	1447	1070	233	290	941	500	547	407
2861	402	437	952	762	1300	2196	406	915	380	1934	2150	964	2097	1843	333	410	1094	719	611	667
4022	282	712	718	829	1711	2255	380	1544	306	1772	2347	1178	2717	1938	423	350	1559	633	595	672
1622	148	152	775	399	456	1323	253	558	300	762	712	433	954	860	183	208	547	349	253	218
4963	193	254	814	1000	1288	2577	253	641	297	1622	2723	698	2063	1637	250	308	609	772	529	541
774	586	173	519	441	1020	759	174	367	245	707	1175	284	636	432	114	256	416	283	258	293
982	220	371	838	406	922	983	212	786	383	890	1478	376	1005	668	151	212	598	410	308	381
963	125	136	286	229	419	598	165	328	111	803	710	307	610	477	121	188	336	186	248	174
6376	2236	693	1223	1120	1962	3889	516	1969	360	2619	4254	1087	3149	2138	418	738	1184	876	881	1164
7772	389	788	1127	1643	2424	4883	576	927	645	3379	4040	1819	4772	3333	571	463	965	1712	1123	1382
8783	881	726	1659	1332	2487	5318	784	1449	642	2521	3250	1191	3876	2526	438	800	1854	1226	903	1015
2032	312	603	528	670	822	1238	310	546	227	1154	1824	488	1436	839	236	267	645	415	525	491
3296	828	1232	1096	950	1614	2638	594	852	446	2344	2631	1233	2451	2065	417	645	1093	800	668	815
3695	244	368	784	693	886	2390	272	872	380	1580	3160	1066	2381	1951	401	313	908	682	571	660
1625	401	557	678	462	1223	1224	296	702	351	1304	2288	487	1140	784	232	272	980	513	429	638
253	266	284	397	361	870	313	213	420	203	741	1219	240	367	281	143	245	495	163	273	290
181	273	769	308	485	674	352	260	255	128	959	1241	278	395	350	126	230	504	106	424	239
366	52	510	423	291	851	365	135	412	107	638	1000	288	492	490	113	169	575	156	234	292
2175	433	880	477	884	1452	1866	548	1418	181	1791	2746	719	1599	1165	301	576	1580	415	629	621
1452	507	509	1232	1109	1600	1711	593	1225	583	1973	3227	799	1550	1302	336	623	983	783	740	671
577	167	101	280	511	728	597	143	297	106	1121	1768	316	589	478	127	137	306	188	365	302
5158	319	224	966	814	1235	3140	494	471	315	1659	1850	920	2333	1795	291	396	510	808	555	628
1436	80	85	631	439	759	1084	178	458	71	1175	1731	320	771	559	134	143	352	274	333	379
152	72	312	337	315	470	201	246	522	193	697	1122	199	285	225	82	201	560	156	213	219
3239	758	810	1475	1191	2017	2173	687	1497	453	2755	3903	925	1959	1575	404	674	1325	745	958	740
1800	153	372	557	534	734	1382	233	672	302	1779	2084	648	1558	1043	279	248	605	425	492	469
2248	398	101	899	713	1778	1470	279	433	242	1391	1566	685	1668	1377	286	271	474	491	448	509
4256	973	811	644	771	2048	2117	505	916	235	1861	2160	792	2181	1623	386	605	1076	594	435	499
1060	341	535	387	634	943	788	169	512	297	734	985	359	826	758	197	228	651	277	298	300
1443	166	316	118	495	720	950	133	206	43	718	1021	436	1001	899	184	166	495	120	311	186
207	139	609	260	285	466	234	94	218	130	456	421	226	432	322	78	100	254	98	204	137
220	81	83	335	365	713	309	131	452	51	441	955	179	288	208	85	101	311	136	225	185
1778	315	475	516	527	1252	1085	158	438	129	1026	1574	473	1099	837	224	122	705	327	255	420
1754	94	216	325	564	958	1182	195	157	147	768	884	436	1179	813	182	134	268	325	268	333
1483	641	568	577	604	1146	1068	303	532	226	1159	1653	504	1350	1037	162	422	603	380	395	379
3299	248	467	1078	816	2189	1672	248	866	255	1375	1945	860	2258	1597	332	310	733	705	579	547
4515	418	614	615	590	1195	2749	255	351	199	988	1709	675	1909	1342	258	281	852	387	360	497
2587	335	317	1095	982	1220	2166	260	905	326	1874	2380	785	1850	1340	233	433	1094	723	621	577
3380	366	300	582	537	961	1313	324	489	141	1183	1310	594	1427	1249	235	322	683	428	440	474
1814	226	1186	530	559	1037	1367	205	596	264	1023	1743	550	1442	1063	221	299	585	508	373	437
4873	258	873	685	454	920	2600	375	1649	365	775	1724	685	1864	1429	248	317	1094	659	411	533
2888	584	381	976	662	1247	2105	274	854	306	2369	2021	701	1886	1229	256	290	792	631	617	628
2307	249	419	1072	728	1458	1796	333	653	236	1630	3668	570	1511	1124	225	404	943	471	543	687
4020	509	538	870	660	1194	2021	365	722	326	1418	1831	801	2056	1470	259	403	908	618	540	542
4133	321	375	647	644	739	1876	277	852	189	1896	2436	737	1763	1446	291	297	557	502	549	663
802	1	122	252	309	599	872	155	454	52	504	698	343	792	569	132	150	326	175	242	231
4186	324	548	578	705	1507	2284	339	1203	234	1341	2494	778	2071	1634	278	356	1108	542	458	709
8030	363	2095	780	1003	1972	3565	421	2571	248	2562	2740	1128	3333	2308	396	557	2992	693	667	815
862	536	303	654	484	871	905	498	739	135	970	1654	409	1066	662	142	605	915	416	427	388
3226	498	391	1045	756	1131	1768	539	1045	556	1388	2581	697	1546	1228	281	429	1241	736	529	711
5935	266	546	547	637	1020	2439	289	660	288	1064	1817	661	2017	1492	270	209	999	610	448	521
874	151	240	650	476	717	809	267	391	361	1261	967	446	896	709	167	328	305	470	390	337
1808	437	604	664	403	917	1101	388	1041	324	1038	995	560	1220	1016	260	507	591	481	305	307
2497	150	277	657	601	1059	2032	385	800	90	1234	2060	739	1553	1375	287	386	614	427	440	500
2740	236	892	630	715	927	1832	192	1157	175	1103	1814	778	1734	1633	317	300	955	476	386	415
578	150	169	521	478	850	640	191	429	116	663	1380	331	544	551	136	167	494	198	338	288
1371	98	153	363	296	310	844	87	206	88	541	648	738	1585	1242	290	124	466	200	219	207
1495	1	42	231	190	319	753	105	383	116	260	357	670	1518	1239	256	79	288	181	155	185
1	1	1	52	47	27	37	2	1	28	1	101	466	802	688	188	20	1	17	13	26
3	1	1	15	1	1	67	29	1	5	1	39	635	1107	1101	211	43	28	24	6	1
7	1	1	1	1	1	1	2	1	5	1	1	274	293	358	89	1	1	6	1	1
6	1	1	1	1	1	1	1	1	4	1	1	194	200	227	99	1	1	6	1	1
37	1	1	37	1	1	9	1	1	1	1	1	882	1389	1409	259	1	1	22	3	1
2	1	15	1	1	1	2	4	12	22	1	25	328	501	417	130	1	46	7	1	2
1	1	1	1	1	2	1	1	1	24	1	1	393	477	485	117	1	9	10	1	1
263	1	169	104	178	189	243	88	163	143	230	397	257	435	341	103	117	329	78	101	51
273	329	420	297	405	519	390	437	597	161	974	1324	210	391	314	104	368	735	148	307	191
4256	394	625	766	705	799	2454	343	583	237	1097	1371	1146	3145	2244	456	386	723	492	339	415
8	1	1	1	1	1	1	1	1	1	12	11	679	1218	1046	181	1	1	16	1	14
36	365	823	61	32	10	34	97	61	2022	62	120	474	835	833	158	41	124	25	34	9
1	1	1	12	1	9	13	1	1	1	20	1	691	1188	864	182	5	1	16	1	4
1	1	1	31	1	8	1	1	18	1	1	1	527	574	628	160	1	1	8	2	1
675	131	418	757	444	1264	1017	183	454	279	1160	2403	466	873	667	179	326	660	376	438	570
13	1	1	29	2	44	19	31	1	1	1	1	345	650	574	126	1	1	18	2	1
868	253	329	942	578	1242	1046	214	474	414	995	2284	393	893	650	214	267	511	553	380	507
116	207	37	217	148	358	147	154	162	101	387	661	67	139	93	52	99	235	65	172	102
22	76	51	114	74	137	39	30	88	35	158	493	49	31	26	19	36	160	6	78	22
4837	310	575	1239	996	1244	2571	554	1043	525	2210	2458	739	2093	1639	307	514	950	1013	774	718
1586	330	737	471	828	1242	1269	457	985	237	1598	2073	444	1128	823	211	397	1028	405	476	515
2039	344	153	633	493	941	1611	294	479	226	874	1699	489	1452	1003	204	335	492	589	377	473
134	24	55	140	104	122	141	86	70	37	104	342	226	414	244	102	59	140	55	100	82
552	193	256	246	391	804	586	184	549	119	969	1034	340	754	583	140	191	374	244	355	319
566	301	125	476	423	737	560	173	184	358	817	1115	384	601	560	129	220	230	373	329	439
118	152	310	370	339	457	148	124	297	121	755	839	182	215	179	81	138	425	105	279	189
1727	191	106	440	498	539	914	90	386	84	1071	890	399	1040	797	169	141	367	252	347	301
1901	219	351	583	662	1050	1641	229	670	158	1343	1355	508	1521	1166	238	323	775	437	416	367
2798	587	891	797	788	1110	1615	220	512	183	1906	1585	515	1455	1123	201	239	769	517	625	598
2387	228	397	550	481	1044	1502	455	1523	116	1431	1914	547	1570	1162	226	433	1150	347	338	434
3282	342	234	998	860	921	2117	305	1066	300	1978	2237	768	1921	1630	319	264	653	634	585	545
212	726	237	682	596	1256	344	378	449	242	1288	2065	280	297	380	146	381	432	159	435	318
674	271	357	711	622	964	792	161	749	253	1052	1571	402	596	595	183	211	728	239	329	333
1552	269	398	741	568	1134	1217	399	774	222	1023	1475	591	1087	923	201	335	795	486	379	473
3107	248	147	643	633	1137	1632	416	565	344	1384	1783	603	1477	1230	207	374	579	508	438	418
3621	619	480	1031	675	1244	2514	551	757	333	1630	1732	848	2217	1746	319	540	677	664	592	581
1120	493	1160	662	697	837	990	358	671	189	1439	1561	547	1035	828	231	276	1139	336	577	425
678	169	430	375	551	896	712	294	283	95	994	1477	278	713	647	131	266	292	190	377	362
1245	328	216	884	652	986	1016	238	699	169	1375	1795	519	992	776	280	323	787	395	587	347
2729	408	329	1019	1371	2244	2596	638	628	363	3013	3872	790	1795	1497	306	716	789	823	1065	1056
1079	97	2033	241	412	492	1034	183	623	71	905	877	485	1103	761	206	164	728	203	243	286
2966	273	654	690	527	1088	1653	422	1068	119	1059	1748	801	1665	1517	279	518	1016	688	406	522
3945	439	700	655	956	1494	2238	502	870	272	2017	1977	797	2018	1678	328	445	1030	424	675	601
2669	534	653	1067	1240	2045	1848	377	569	328	2356	2460	783	1814	1362	339	498	867	673	830	686
371	178	699	616	403	1118	523	421	718	272	1301	1530	198	372	472	136	360	1097	196	326	269
2212	787	810	1083	842	1354	2093	561	1620	441	1673	1631	715	1495	1091	301	472	1606	769	591	562
901	378	352	378	330	910	1117	416	437	115	1051	1609	381	873	502	158	308	510	183	375	266
384	27	114	214	182	325	196	18	94	65	255	489	176	299	276	79	54	86	160	104	130
1006	162	38	348	277	531	675	104	334	258	810	973	360	716	674	150	75	319	230	234	163
2515	295	629	662	655	1756	1728	252	838	241	1183	1542	615	1491	1108	228	267	784	444	402	456
575	1	107	259	413	701	398	77	263	119	1071	1122	338	465	502	134	65	175	193	315	229
452	58	338	266	451	609	519	88	548	181	1088	1261	328	670	560	147	119	546	261	327	376
1525	440	466	384	591	1008	1183	338	556	159	1633	1725	565	1341	985	198	340	562	372	492	525
1760	378	671	660	867	1605	1566	424	1504	139	1599	1683	644	1379	1163	219	296	1152	390	631	608
2990	945	972	756	1277	1865	1964	485	1357	353	2426	2726	793	1888	1238	368	379	1380	926	786	992
1913	154	598	654	689	747	1174	121	494	281	1054	1333	363	857	615	142	197	631	412	518	373
1797	207	431	396	580	1037	1216	249	686	342	1541	1486	548	1304	1027	221	132	632	446	385	462
3271	551	469	590	728	1278	2159	689	1015	177	1588	2121	837	1992	1606	330	364	1389	428	652	669
2291	197	2655	552	777	1168	1370	359	755	192	1303	1657	739	1589	1330	300	295	1187	525	443	509
2813	87	298	1113	734	1547	2140	269	732	387	2181	2264	622	1710	1094	230	242	619	500	695	629
3385	442	632	1279	861	1399	2365	428	960	245	1616	2772	632	1856	1266	246	396	825	693	784	675
135	78	207	336	187	370	208	100	481	131	317	451	172	220	235	63	121	431	115	155	153
264	285	337	605	433	1008	364	276	283	247	823	1667	182	363	277	119	282	355	310	310	421
2653	347	452	740	654	1586	1382	248	820	288	1240	1362	694	1781	1398	277	365	834	540	393	459
1840	389	427	1035	910	1829	1814	490	1091	411	2467	2936	517	1166	902	251	474	1186	550	848	533
731	343	609	810	809	1258	813	379	479	135	1784	1915	305	807	513	138	388	766	237	584	450
4537	618	299	876	747	1444	2104	426	949	200	1792	2430	870	2352	1801	313	510	881	564	498	608
676	57	1077	567	552	1096	694	269	851	303	1294	1663	430	892	666	172	230	1019	363	431	507
1413	370	663	857	640	1409	1059	379	575	325	1107	1816	628	1304	952	285	299	844	415	455	416
6	141	109	102	134	325	17	44	33	137	242	480	106	34	30	29	72	70	28	130	101
72	101	142	336	420	399	99	135	249	112	797	989	180	120	141	74	136	455	76	233	168
923	159	165	280	458	440	594	148	156	135	396	537	345	884	630	151	234	260	218	211	106
793	245	53	43	340	517	444	142	87	31	544	493	402	863	636	161	122	65	136	215	182
820	160	181	286	213	296	427	75	91	66	183	526	319	681	450	121	69	193	181	140	189
1535	242	554	193	481	612	690	149	265	221	660	564	503	1351	1014	243	257	597	179	247	217
1502	808	183	287	614	1084	783	114	350	85	574	955	525	1209	921	224	189	306	189	266	312
14	1	1	1	20	16	13	5	1	1	17	106	12	10	11	4	2	1	1	3	8
388	371	202	482	444	352	366	161	262	230	643	574	434	783	588	194	183	335	262	233	149
711	250	208	409	355	631	562	147	377	97	575	775	572	1065	838	198	174	593	142	237	170
239	14	140	127	130	225	185	24	141	53	110	268	218	344	241	105	60	214	104	83	71
2919	695	194	516	821	1990	1670	594	430	279	1505	2094	714	1774	1383	280	664	486	495	531	574
2026	720	1311	476	676	1247	1414	344	1032	222	1170	1443	607	1389	946	244	446	1341	329	299	439
203	21	58	669	255	477	231	141	113	86	483	946	159	252	166	79	93	128	173	141	195
5952	1007	1563	942	1157	1697	1981	377	847	304	1637	1281	855	2485	1799	318	714	1463	514	500	505
1467	2391	289	990	689	1051	1388	408	671	383	1335	1899	366	1040	673	170	387	616	493	440	390
3301	448	239	364	802	1002	1294	331	426	183	1130	1325	605	1623	1262	254	360	846	260	365	328
9707	2834	1799	638	1419	2204	2541	559	828	274	1266	2103	1270	3365	2552	453	794	1769	456	714	620
1935	234	159	228	553	1442	938	181	396	101	586	907	676	1609	1261	250	173	324	137	217	245
1103	635	498	203	334	544	296	193	112	125	313	225	370	832	703	136	180	360	87	91	126
2082	1190	900	680	1021	1694	1078	322	287	208	763	1349	712	1319	1143	295	388	607	328	315	304
1308	1494	452	307	682	989	694	191	243	160	559	631	535	1095	833	210	259	354	205	282	207
595	476	407	207	348	600	160	69	36	12	258	248	294	542	407	134	114	248	69	85	86
2350	273	702	404	763	993	816	27	81	106	977	490	694	1502	1143	254	89	432	217	254	194
1319	752	766	199	728	744	661	154	283	112	370	469	433	979	756	175	194	478	127	180	144
741	271	157	217	416	473	293	73	119	138	252	589	382	783	585	187	88	236	117	133	61
2704	390	450	407	664	823	918	98	45	22	323	349	495	1193	785	207	120	293	141	192	98
2322	222	333	443	557	952	1697	301	706	332	1227	1770	576	1461	1139	205	302	921	356	464	644
1249	207	272	513	364	799	1013	68	487	178	980	1408	582	1249	1029	203	149	619	373	297	335
274	23	37	267	192	603	269	135	366	132	383	981	349	380	412	126	147	337	149	176	203
3214	109	790	741	1016	1552	2335	274	1149	335	2495	2898	815	1990	1502	290	238	914	805	762	665
2206	792	165	744	529	912	1591	262	1176	266	1251	1445	621	1310	1131	184	200	979	648	365	401
423	102	733	487	388	738	495	195	620	297	803	1145	372	571	523	161	188	667	350	207	366
552	195	186	291	341	376	508	142	390	84	578	718	277	619	434	125	134	324	131	236	136
1530	116	725	546	794	1202	1442	209	590	162	1977	2548	594	1255	969	220	259	683	418	654	559
1512	58	305	592	283	890	1168	110	511	163	839	1504	439	942	670	156	151	724	441	264	402
797	241	159	293	289	1104	865	219	453	261	1016	1226	425	934	642	181	277	627	251	389	332
1534	245	743	1023	574	1070	1332	228	803	103	1295	1700	639	1336	910	210	149	854	430	417	525
2717	484	700	627	749	1413	1546	561	703	279	1810	2431	861	1661	1455	335	618	745	485	649	693
1858	251	317	339	365	1204	1520	351	646	198	677	1676	538	1238	1010	192	330	556	420	272	552
1203	115	86	113	347	610	973	155	325	110	1087	1105	518	1120	1055	219	166	258	266	322	366
808	217	336	256	374	708	633	160	548	100	819	1685	504	1117	756	153	221	506	160	307	397
2223	32	68	230	404	920	994	22	424	158	815	1593	516	1154	817	200	53	268	217	281	416
57	89	82	328	178	435	116	137	71	86	474	880	134	122	144	48	236	164	178	201	156
544	117	238	412	480	919	586	184	312	118	1367	1370	536	913	916	261	220	360	210	470	419
173	106	171	202	125	300	110	95	66	38	349	797	214	236	262	97	78	140	71	99	141
791	335	398	678	514	627	725	305	721	274	1061	1406	570	998	993	236	254	788	512	366	409
652	103	528	251	394	654	564	72	468	102	560	1380	399	689	623	130	86	596	172	225	336
770	306	131	745	261	719	758	224	256	277	899	1500	348	837	577	160	268	332	481	266	334
227	160	557	282	259	384	414	132	351	84	607	788	339	529	456	135	103	375	118	179	171
840	459	382	631	665	1196	880	323	626	240	1120	2202	514	868	759	198	313	690	410	345	543
849	780	1077	968	911	1348	962	388	819	217	1793	2587	538	774	672	214	532	1230	383	727	638
860	570	248	535	544	1321	987	264	392	235	921	1451	418	788	705	152	325	638	343	354	372
490	130	198	170	392	657	504	155	231	46	606	911	303	517	453	117	207	202	115	311	339
3197	451	1110	992	912	2041	2356	426	966	439	1493	3001	746	1722	1284	306	401	1300	813	602	710
5019	580	729	876	974	1423	3057	427	1289	224	1841	2626	820	2204	1683	307	476	1601	445	669	603
1566	205	786	1018	853	1362	1603	295	1278	211	1657	2410	523	1344	1103	232	371	1404	579	498	509
7626	309	368	694	665	1072	2971	250	649	284	1253	2703	1121	3231	2465	404	339	749	537	508	597
872	261	427	761	840	1216	958	350	661	397	1827	1893	541	949	744	205	297	826	500	678	556
1973	355	134	804	612	840	1564	256	454	399	1237	1568	656	1338	997	179	186	463	774	445	443
746	37	301	382	352	525	742	79	605	112	901	838	430	811	708	149	120	501	133	246	187
483	93	256	363	360	443	698	204	786	107	650	803	402	720	618	161	211	725	233	282	244
1476	75	159	364	144	563	688	104	245	110	412	788	344	780	612	138	128	207	307	88	159
851	139	366	183	137	433	734	173	463	62	374	881	342	819	494	170	119	569	136	155	217
882	240	273	467	538	888	1042	324	421	288	1397	1544	487	1090	893	193	356	486	373	345	320
1838	499	279	460	468	788	933	163	513	131	1337	949	513	1278	890	191	288	523	427	374	327
1304	232	260	498	429	1028	969	282	554	197	897	1392	384	960	682	177	374	455	374	407	405
1729	375	958	754	786	1070	1309	431	1238	195	1227	1970	525	1486	1026	214	333	1014	512	472	414
4792	1047	3143	1241	1578	2595	3627	722	2353	502	3522	3907	1058	2844	2398	428	912	2559	1071	1216	1318
2799	833	958	1161	1015	2211	2818	611	796	299	2026	3670	750	1873	1205	307	595	838	635	738	891
249	207	103	416	380	704	338	224	150	232	741	1646	271	348	308	79	186	236	204	313	363
1933	578	343	1262	922	1120	1541	459	816	390	1676	2095	770	1482	1289	310	449	537	761	600	511
1014	101	332	536	452	675	690	233	602	148	773	1188	389	719	577	147	242	801	348	277	296
1859	385	2032	982	774	734	1359	311	1137	369	1355	1563	477	1274	1162	177	460	1348	752	491	485
406	72	694	528	359	691	436	166	593	251	755	1406	258	562	387	124	149	643	230	289	340
3765	473	919	990	953	2346	3197	533	1125	437	2784	3744	654	2046	1468	296	474	1015	834	772	1036
114	141	131	368	404	744	198	155	342	198	657	1089	220	188	167	79	192	379	87	291	242
91	257	174	247	227	567	197	295	370	94	721	763	225	199	172	89	248	267	109	269	186
384	104	247	258	428	792	444	241	397	54	869	1119	380	614	430	137	290	651	173	343	270
543	209	575	540	448	858	493	189	501	162	728	1282	397	605	485	156	198	816	225	383	388
839	802	1193	749	781	957	935	386	1046	313	1725	1574	519	849	801	212	398	1426	377	515	500
1616	202	376	527	559	775	1173	296	541	201	1136	1657	677	1155	1060	218	256	423	356	366	467
1637	196	487	909	889	1836	1524	412	944	371	2148	3391	701	1497	1225	305	497	819	629	714	842
2410	528	375	636	990	2032	2497	448	821	359	1950	3166	707	1662	1388	269	541	719	625	699	912
2132	230	1435	944	601	964	1352	236	783	140	1534	1566	574	1635	1234	272	277	1184	429	495	362
1400	293	279	689	420	851	1421	321	710	260	1038	1887	582	1350	1075	198	303	539	640	364	483
2875	269	379	367	596	605	1461	331	895	144	1306	1552	651	1444	1032	211	292	447	374	518	370
2492	556	560	575	1006	1320	1207	317	538	207	1214	1403	796	1795	1416	300	350	710	375	457	363
1937	252	682	1135	595	931	1403	231	635	289	1385	1299	609	1709	1098	252	309	850	657	382	327
2096	674	1098	1319	886	1426	1864	570	1180	555	1756	3300	672	1591	1108	285	416	1174	647	742	757
1866	157	322	1554	629	1478	2190	413	1506	408	3336	3981	763	1802	1297	305	448	1092	891	1056	1179
534	93	209	520	616	1010	1005	369	990	293	1917	2059	399	849	687	213	319	922	386	630	560
675	353	494	883	769	1494	867	420	860	336	1645	2833	476	928	740	263	390	752	498	492	845
2837	577	371	836	946	1291	2414	466	1240	328	1921	2018	1023	2531	2149	387	510	992	783	692	660
1174	375	258	496	580	841	746	156	187	141	1161	1126	545	951	668	202	182	243	319	346	301
1917	376	282	514	533	531	1143	326	564	127	770	1170	408	946	838	169	233	558	346	330	233
1077	155	17	199	322	674	742	103	264	160	1002	1162	401	1112	772	153	183	300	244	327	356
2400	221	558	606	589	817	1651	281	1296	199	1568	1916	574	1565	1051	252	341	837	513	345	512
6981	1222	489	660	803	2929	2145	280	153	169	1211	816	884	2290	1773	319	605	535	567	412	351
2889	452	1036	553	779	795	984	173	183	205	436	673	739	1419	1270	231	323	604	342	287	288
8450	1082	882	834	1032	1933	1909	133	440	249	1517	1396	1014	2674	2120	363	511	640	579	444	539
1793	788	165	466	374	588	1084	241	444	176	784	1205	508	1179	944	183	294	397	284	192	439
3884	751	753	733	636	1727	1972	555	591	417	1485	2508	698	1998	1413	243	515	1050	691	583	665
1873	512	104	533	884	1151	1357	241	708	205	1547	1681	617	1430	937	269	442	356	365	566	557
1021	167	346	594	608	935	961	140	565	175	1146	1658	372	871	655	156	147	417	414	470	471
2833	468	1027	313	600	1212	1227	283	886	98	1359	1691	490	1296	890	211	232	854	258	469	600
1795	415	311	652	512	1022	1404	242	459	100	1243	1933	438	1205	784	196	287	533	408	435	517
471	204	577	583	752	849	546	172	656	286	1268	2214	543	815	695	212	177	741	300	477	532
1343	446	349	465	769	1007	1114	391	384	206	946	1128	536	1170	932	191	389	494	331	419	327
2700	314	173	431	498	854	1084	165	296	222	1084	1081	619	1515	1130	200	271	438	633	361	425
9586	1349	1811	811	954	1793	3211	685	957	343	1523	1486	1239	3011	2670	404	9621	2467	551	646	720
3684	290	156	457	344	510	1683	117	177	177	851	814	484	1530	920	155	176	296	372	187	315
915	169	1050	430	400	840	728	259	767	184	889	1086	382	650	651	184	270	1047	254	231	306
1716	18	1322	623	530	652	1202	110	604	183	1216	834	541	1206	923	181	183	991	299	475	292
4814	367	350	617	870	965	2488	257	763	253	1776	1869	1032	2635	1757	372	252	601	534	607	479
5104	493	364	1300	758	1461	2812	402	488	457	1863	3041	1000	2503	2204	340	479	691	1019	631	849
2793	273	471	704	763	943	1646	183	703	371	1191	1571	606	1508	1166	248	250	1043	615	474	470
1793	44	257	513	559	900	849	174	474	232	1006	945	497	1120	835	186	195	425	577	297	349
475	79	169	205	208	318	389	134	228	182	303	401	247	484	462	83	108	298	154	114	156
617	144	1118	533	388	406	552	76	204	175	700	819	331	711	558	145	113	543	268	240	177
1451	404	377	458	429	1348	841	152	352	156	865	1153	532	1113	775	219	243	570	254	228	380
1584	479	566	339	347	747	894	215	331	95	679	1184	456	960	828	184	265	673	166	219	234
726	113	79	414	349	671	692	110	341	172	769	1073	337	838	636	130	88	418	329	302	300
238	104	75	387	245	801	225	169	323	194	839	1800	344	387	333	123	143	383	181	318	308
191	25	738	474	281	281	265	125	583	174	751	870	220	303	289	101	101	552	256	246	155
3457	335	715	448	747	989	2045	273	790	220	1720	1571	704	1811	1377	269	208	902	496	562	501
4339	605	1440	801	987	1351	2991	377	1808	212	2102	2159	913	2310	1518	319	623	1283	561	652	642
2402	253	799	374	431	898	1387	264	673	241	991	1359	487	1454	912	200	226	761	356	410	351
3451	375	657	909	821	973	1963	434	940	184	1564	1455	695	1885	1520	283	361	909	510	503	467
1914	151	215	471	283	431	1393	300	468	110	847	1013	563	1201	1137	240	217	493	266	259	259
3079	751	844	1188	1443	2429	2879	614	1009	315	3036	3203	1055	2265	1626	387	576	1135	1014	989	1038
547	121	176	211	355	491	589	117	389	100	647	837	302	615	436	150	173	196	98	219	194
1267	317	421	413	691	960	1235	327	534	136	1252	1534	462	1049	810	199	268	583	322	457	497
835	237	83	136	124	590	476	164	171	60	352	785	258	443	323	92	228	111	143	125	208
738	225	128	410	402	530	498	253	322	178	719	814	301	627	560	103	305	197	329	249	287
2134	728	667	445	438	759	1539	341	693	272	1041	1589	587	1540	1049	255	283	565	400	400	460
643	136	261	317	401	803	602	271	407	250	993	2015	317	621	539	141	196	524	210	337	363
4682	583	795	549	1391	1797	2721	674	1235	270	2525	2795	926	2170	1896	369	590	1592	519	1002	892
2245	125	793	146	554	670	1584	258	848	255	1342	1557	637	1879	1200	252	241	771	282	414	439
657	82	209	87	242	342	433	96	393	95	695	692	259	661	505	102	110	452	189	219	159