chr12
9880108
9880125
9880134
9880141
9880160
9880169
9880178
9880191
9880192
9880193
9880215
9880318
9880319
9880325
9880353
9880364
9880370
9880424
9880458
9880487
9880499
9880526
9880530
9880555
9880565
9880574
9880613
9880630
9880636
9880640
9880661
9880667
9880681
9880728
9880729
9880777
9880778
9880833
9880847
9880857
9880914
9880918
9880934
9881016
9881049
9881081
9881082
9881095
9881097
9881101
9881102
9881115
9881130
9881252
9881285
9881286
9881312
9881313
9881314
9881315
9881319
9881320
9881321
9881332
9881333
9881343
9881349
9881373
9881381
9881382
9881389
9881430
9881434
9881435
9881488
9881554
9881555
9881570
9881574
9881587
9881635
9881643
9881644
9881645
9881679
9881680
9881695
9881706
9881713
9881749
9881778
9881807
9881863
9881876
9881899
9881900
9881916
9881920
9881966
9882020
9882087
9882100
9882103
9882138
9882151
9882152
9882186
9882187
9882214
9882221
9882239
9882257
9882262
9882265
9882303
9882304
9882311
9882317
9882326
9882333
9882337
9882342
9882343
9882344
9882361
9882372
9882385
9882402
9882403
9882422
9882455
9882477
9882484
9882501
9882502
9882503
9882543
9882544
9882566
9882567
9882600
9882601
9882632
9882649
9882655
9882677
9882685
9882734
9882735
9882750
9882751
9882752
9882804
9882810
9882822
9882836
9882842
9882846
9882892
9882924
9882951
9882978
9882993
9883066
9883079
9883149
9883182
9883223
9883224
9883252
9883306
9883311
9883326
9883327
9883331
9883345
9883367
9883370
9883373
9883376
9883377
9883399
9883405
9883408
9883429
9883439
9883463
9883467
9883474
9883493
9883497
9883500
9883511
9883512
9883523
9883526
9883535
9883539
9883540
9883551
9883552
9883567
9883575
9883579
9883580
9883619
9883622
9883623
9883695
9883696
9883699
9883733
9883734
9883782
9883794
9883814
9883819
9883875
9883916
9883936
9883943
9883998
9884009
9884014
9884025
9884032
9884045
9884046
9884053
9884074
9884081
9884096
9884110
9884145
9884167
9884208
9884251
9884270
9884274
9884351
9884352
9884353
9884359
9884360
9884369
9884370
9884382
9884404
9884418
9884427
9884428
9884432
9884439
9884454
9884482
9884508
9884526
9884527
9884528
9884549
9884587
9884599
9884608
9884629
9884638
9884639
9884652
9884657
9884688
9884697
9884712
9884758
9884763
9884791
9884798
9884799
9884811
9884814
9884836
9884868
9884869
9884885
9884910
9884942
9884967
9884968
9884969
9884970
9884975
9884984
9884987
9885002
9885016
9885025
9885042
9885113
9885157
9885163
9885171
9885172
9885178
9885207
9885239
9885249
9885256
9885257
9885316
9885352
9885360
9885443
9885450
9885465
9885494
9885525
9885528
9885529
9885536
9885544
9885560
9885578
9885579
9885580
9885585
9885619
9885623
9885653
9885666
9885667
9885676
9885677
9885724
9885741
9885742
9885743
9885750
9885751
9885754
9885762
9885765
9885784
9885811
9885843
9885857
9885868
9885894
9885928
9885945
9885954
9885962
9885968
9885983
9885997
9886000
9886014
9886026
9886035
9886047
9886048
9886070
9886071
9886097
9886098
9886099
9886100
9886101
9886115
9886118
9886151
9886180
9886214
9886236
9886298
9886337
9886388
9886406
9886463
9886469
9886470
9886472
9886503
9886507
9886514
9886525
9886570
9886576
9886586
9886587
9886596
9886599
9886604
9886612
9886621
9886630
9886658
9886662
9886665
9886694
9886708
9886717
9886729
9886730
9886772
9886773
9886774
9886778
9886779
9886783
9886784
9886785
9886791
9886809
9886835
9886839
9886847
9886855
9886856
9886859
9886860
9886863
9886873
9886884
9886885
9886889
9886895
9886904
9886908
9886940
9886941
9886950
9886951
9886957
9886985
9887018
9887034
9887037
9887046
9887072
9887093
9887097
9887135
9887138
9887139
9887142
9887143
9887194
9887195
9887198
9887201
9887206
9887207
9887210
9887248
9887251
9887261
9887266
9887278
9887279
9887282
9887288
9887291
9887292
9887298
9887304
9887340
9887345
9887377
9887378
9887438
9887464
9887500
9887514
9887581
9887582
9887583
9887586
9887587
9887590
9887591
9887595
9887610
9887611
9887627
9887635
9887636
9887639
9887653
9887667
9887671
9887672
9887687
9887688
9887720
9887721
9887726
9887729
9887744
9887745
9887752
9887757
9887777
9887778
9887789
9887792
9887798
9887814
9887820
9887830
9887834
9887835
9887839
9887855
9887951
9887952
9887971
9887982
9887989
9887990
9888010
9888011
9888047
9888066
9888082
9888103
9888212
9888267
9888295
9888329
9888384
9888406
9888407
9888412
9888422
9888446
9888463
9888475
9888485
9888486
9888487
9888491
9888495
9888496
9888505
9888510
9888525
9888526
9888535
9888658
9888664
9888665
9888674
9888675
9888679
9888683
9888693
9888756
9888757
9888781
9888796
9888826
9888833
9888846
9888850
9888860
9888874
9888877
9888878
9888886
9888902
9888903
9888919
9888922
9888927
9888931
9888932
9888961
9888966
9889027
9889029
9889035
9889042
9889080
9889084
9889087
9889133
9889136
9889137
9889138
9889174
9889200
9889204
9889248
9889321
9889377
9889392
9889407
9889433
9889446
9889472
9889497
9889509
9889518
9889542
9889579
9889582
9889591
9889592
9889603
9889610
9889615
9889633
9889634
9889635
9889639
9889703
9889744
9889745
9889746
9889747
9889750
9889762
9889776
9889786
9889865
9889880
9889883
9889886
9889919
9889993
9889994
9890032
9890036
9890061
9890076
9890112
9890138
9890186
9890198
9890199
9890216
9890242
9890269
9890292
9890297
9890302
9890303
9890304
9890329
9890339
9890340
9890374
9890383
9890420
9890447
9890448
9890489
9890507
9890512
9890530
9890533
9890536
9890537
9890587
9890654
9890655
9890656
9890661
9890796
9890797
9890801
9890802
9890826
9890837
9890840
9890843
9890846
9890847
9890870
9890883
9890884
9890895
9890896
9890911
9890914
9890919
9890920
9890947
9890953
9890954
9890955
9890961
9890969
9890970
9890974
9890978
9890988
9890992
9890993
9890999
9891004
9891007
9891020
9891021
9891032
9891033
9891047
9891053
9891054
9891055
9891056
9891059
9891060
9891081
9891106
9891137
9891154
9891155
9891170
9891171
9891179
9891189
9891198
9891238
9891256
9891281
9891296
9891297
9891300
9891307
9891320
9891338
9891355
9891358
9891364
9891367
9891368
9891375
9891399
9891404
9891406
9891407
9891435
9891438
9891441
9891447
9891456
9891463
9891470
9891480
9891496
9891499
9891500
9891505
9891506
9891507
9891516
9891522
9891538
9891545
9891560
9891566
9891578
9891590
9891593
9891594
9891597
9891600
9891601
9891604
9891608
9891617
9891624
9891647
9891677
9891679
9891680
9891694
9891733
9891744
9891751
9891752
9891756
9891765
9891770
9891771
9891775
9891797
9891798
9891799
9891800
9891801
9891804
9891805
9891811
9891822
9891828
9891829
9891835
9891849
9891850
9891860
9891873
9891874
9891892
9891897
9891903
9891904
9891905
9891908
9891926
9891932
9891947
9891952
9891953
9891954
9891955
9891958
9891988
9892001
9892002
9892022
9892029
9892042
9892043
9892061
9892066
9892072
9892073
9892074
9892077
9892087
9892090
9892091
9892098
9892104
9892105
9892108
9892111
9892114
9892115
9892120
9892123
9892124
9892125
9892132
9892141
9892145
9892150
9892151
9892163
9892164
9892171
9892185
9892193
9892200
9892201
9892206
9892207
9892210
9892221
9892222
9892223
9892224
9892227
9892237
9892238
9892239
9892242
9892245
9892248
9892249
9892257
9892260
9892261
9892266
9892271
9892272
9892275
9892276
9892279
9892285
9892290
9892293
9892294
9892301
9892303
9892304
9892309
9892310
9892314
9892315
9892316
9892321
9892322
9892326
9892335
9892336
9892337
9892340
9892360
9892363
9892366
9892367
9892371
9892380
9892381
9892382
9892383
9892384
9892385
9892386
9892394
9892395
9892398
9892410
9892415
9892416
9892424
9892425
9892426
9892434
9892435
9892436
9892441
9892444
9892448
9892449
9892450
9892454
9892457
9892463
9892472
9892475
9892476
9892479
9892484
9892485
9892490
9892494
9892495
9892498
9892503
9892510
9892511
9892512
9892521
9892531
9892532
9892533
9892536
9892539
9892540
9892543
9892544
9892549
9892550
9892551
9892554
9892555
9892558
9892559
9892564
9892567
9892568
9892581
9892582
9892585
9892588
9892591
9892594
9892595
9892600
9892601
9892605
9892606
9892614
9892615
9892616
9892619
9892620
9892633
9892636
9892637
9892657
9892660
9892668
9892669
9892672
9892673
9892674
9892683
9892686
9892689
9892704
9892705
9892718
9892732
9892773
9892796
9892799
9892800
9892806
9892811
9892837
9892840
9892847
9892858
9892862
9892873
9892895
9892896
9892900
9892907
9892917
9892918
9892919
9892922
9892946
9892947
9892948
9892956
9892957
9892958
9892959
9892969
9892970
9892977
9893023
9893065
9893069
9893077
9893082
9893087
9893088
9893092
9893117
9893129
9893135
9893141
9893151
9893159
9893168
9893169
9893170
9893174
9893187
9893196
9893203
9893216
9893223
9893224
9893225
9893237
9893238
9893239
9893255
9893263
9893269
9893273
9893274
9893294
9893300
9893301
9893309
9893312
9893328
9893332
9893345
9893346
9893347
9893353
9893376
9893383
9893388
9893411
9893417
9893443
9893456
9893461
9893477
9893500
9893510
9893511
9893512
9893519
9893520
9893523
9893526
9893540
9893548
9893549
9893568
9893572
9893573
9893581
9893582
9893602
9893631
9893641
9893642
9893743
9893753
9893754
9893770
9893774
9893876
9893910
9893911
9893929
9893940
9893958
9893959
9894042
9894152
9894158
9894176
9894191
9894198
9894201
9894211
9894212
9894231
9894240
9894266
9894271
9894292
9894307
9894313
9894328
9894346
9894347
9894357
9894380
9894383
9894384
9894391
9894392
9894458
9894459
9894460
9894485
9894491
9894492
9894498
9894511
9894517
9894592
9894611
9894612
9894615
9894633
9894655
9894659
9894679
9894680
9894704
9894736
9894756
9894793
9894794
9894813
9894847
9894858
9894867
9894868
9894902
9894912
9894913
9894950
9894955
9894959
9894999
9895012
9895029
9895036
9895073
9895135
9895148
9895206
9895214
9895218
9895228
9895229
9895274
9895288
9895318
9895319
9895352
9895353
9895354
9895355
9895360
9895361
9895365
9895367
9895368
9895395
9895413
9895460
9895466
9895472
9895483
9895484
9895506
9895553
9895559
9895565
9895576
9895577
9895581
9895594
9895595
9895612
9895623
9895638
9895650
9895671
9895731
9895734
9895737
9895753
9895754
9895758
9895774
9895775
9895789
9895817
9895828
9895854
9895863
9895866
9895874
9895881
9895882
9895883
9895884
9895885
9895886
9895904
9895928
9895932
9895983
9895984
9895988
9895992
9896006
9896024
9896027
9896028
9896029
9896030
9896034
9896038
9896062
9896065
9896066
9896089
9896093
9896096
9896101
9896105
9896130
9896133
9896134
9896141
9896149
9896150
9896154
9896158
9896168
9896179
9896184
9896196
9896228
9896231
9896236
9896237
9896241
9896248
9896284
9896300
9896304
9896337
9896340
9896363
9896405
9896406
9896407
9896415
9896453
9896504
9896518
9896521
9896528
9896557
9896565
9896575
9896576
9896610
9896611
9896619
9896634
9896659
9896665
9896675
9896726
9896727
9896744
9896772
9896802
9896820
9896843
9896844
9896850
9896854
9896855
9896862
9896870
9896878
9896937
9896938
9896940
9896941
9896957
9896971
9896993
9897002
9897006
9897007
9897018
9897021
9897022
9897030
9897046
9897062
9897075
9897082
9897093
9897138
9897155
9897156
9897177
9897210
9897221
9897222
9897229
9897239
9897253
9897260
9897268
9897269
9897270
9897273
9897274
9897305
9897317
9897318
9897319
9897333
9897351
9897382
9897383
9897384
9897411
9897418
9897431
9897432
9897441
9897448
9897452
9897458
9897459
9897460
9897461
9897469
9897473
9897474
9897485
9897486
9897492
9897534
9897535
9897543
9897544
9897554
9897555
9897556
9897560
9897561
9897565
9897579
9897580
9897585
9897612
9897622
9897625
9897635
9897644
9897649
9897667
9897692
9897728
9897735
9897780
9897781
9897802
9897830
9897847
9897848
9897866
9897876
9897879
9897885
9897887
9897902
9897903
9897904
9897911
9897925
9897932
9897963
9897966
9897975
9897984
9897987
9897994
9897995
9897996
9898014
9898022
9898029
9898033
9898036
9898037
9898059
9898063
9898064
9898076
9898083
9898087
9898088
9898137
9898147
9898167
9898193
9898194
9898205
9898206
9898214
9898281
9898297
9898298
9898302
9898306
9898323
9898324
9898338
9898341
9898344
9898347
9898348
9898359
9898360
9898364
9898367
9898376
9898379
9898391
9898392
9898399
9898400
9898407
9898410
9898415
9898419
9898448
9898449
9898455
9898463
9898468
9898472
9898482
9898493
9898498
9898501
9898510
9898514
9898515
9898526
9898527
9898542
9898550
9898555
9898596
9898630
9898631
9898680
9898686
9898697
9898702
9898703
9898827
9898894
9898898
9898925
9898937
9898952
9898961
9898980
9899049
9899050
9899051
9899052
9899053
9899062
9899070
9899112
9899132
9899144
9899145
9899157
9899176
9899226
9899240
9899265
9899270
9899294
9899333
9899344
9899351
9899461
9899485
9899503
9899522
9899526
9899535
9899548
9899549
9899551
9899559
9899560
9899571
9899573
9899577
9899588
9899597
9899598
9899599
9899631
9899640
9899645
9899669
9899670
9899679
9899684
9899687
9899692
9899693
9899694
9899695
9899705
9899712
9899713
9899714
9899720
9899721
9899731
9899743
9899744
9899745
9899750
9899780
9899790
9899803
9899810
9899811
9899812
9899813
9899814
9899817
9899831
9899834
9899837
9899845
9899858
9899861
9899867
9899868
9899873
9899906
9899915
9899922
9899931
9899951
9899952
9899956
9899962
9899967
9899971
9899975
9899976
9899979
9899980
9899988
9899991
9899999
9900000
9900004
9900007
9900008
9900011
9900048
9900052
9900056
9900060
9900064
9900073
9900108
9900121
9900122
9900126
9900140
9900145
9900146
9900151
9900160
9900166
9900169
9900170
9900174
9900180
9900183
9900185
9900189
9900192
9900201
9900213
9900214
9900222
9900229
9900232
9900241
9900271
9900290
9900294
9900304
9900316
9900317
9900323
9900324
9900332
9900336
9900337
9900344
9900348
9900349
9900372
9900376
9900381
9900382
9900430
9900443
9900473
9900486
9900492
9900501
9900555
9900642
9900643
9900644
9900645
9900648
9900649
9900650
9900662
9900693
9900720
9900788
9900802
9900822
9900844
9900853
9900865
9900883
9900950
9900978
9900979
9900980
9900997
9901023
9901029
9901073
9901080
9901090
9901102
9901116
9901131
9901152
9901211
9901212
9901213
9901244
9901267
9901279
9901372
9901397
9901451
9901487
9901491
9901494
9901495
9901496
9901533
9901537
9901576
9901649
9901664
9901665
9901668
9901669
9901674
9901677
9901686
9901687
9901692
9901693
9901696
9901715
9901718
9901721
9901737
9901747
9901755
9901756
9901764
9901800
9901819
9901827
9901828
9901835
9901836
9901839
9901840
9901849
9901853
9901867
9901868
9901871
9901872
9901875
9901894
9901903
9901913
9901917
9901921
9901922
9901940
9901956
9902004
9902021
9902058
9902066
9902069
9902072
9902078
9902079
9902084
9902166
9902174
9902264
9902265
9902285
9902315
9902321
9902330
9902361
9902362
9902383
9902399
9902422
9902423
9902426
9902427
9902430
9902431
9902432
9902457
9902463
9902464
9902470
9902474
9902484
9902490
9902505
9902516
9902517
9902528
9902529
9902679
9902694
9902703
9902722
9902727
9902728
9902762
9902763
9902764
9902769
9902775
9902816
9902857
9902872
9902906
9902918
9902939
9902947
9902948
9902959
9902980
9903018
9903027
9903034
9903035
9903042
9903049
9903074
9903078
9903081
9903093
9903131
9903136
9903196
9903204
9903213
9903271
9903277
9903286
9903287
9903290
9903389
9903390
9903399
9903415
9903416
9903419
9903424
9903425
9903426
9903427
9903428
9903438
9903439
9903451
9903458
9903477
9903480
9903543
9903544
9903545
9903552
9903555
9903556
9903557
9903558
9903562
9903565
9903566
9903567
9903581
9903582
9903604
9903646
9903647
9903693
9903743
9903784
9903790
9903795
9903796
9903831
9903832
9903881
9904042
9904043
9904056
9904073
9904080
9904083
9904101
9904102
9904113
9904114
9904132
9904164
9904179
9904186
9904203
9904222
9904274
9904291
9904327
9904328
9904348
9904357
9904364
9904407
9904422
9904440
9904444
9904452
9904457
9904458
9904464
9904476
9904486
9904543
9904551
9904568
9904575
9904579
9904589
9904601
9904621
9904622
9904636
9904639
9904640
9904643
9904647
9904648
9904649
9904650
9904653
9904656
9904665
9904666
9904667
9904691
9904692
9904696
9904697
9904706
9904744
9904745
9904759
9904813
9904855
9904895
9904901
9904911
9904912
9904971
9904972
9904987
9904988
9904996
9905060
9905075
9905079
9905226
9905238
9905265
9905287
9905302
9905325
9905354
9905412
9905427
9905438
9905440
9905456
9905483
9905484
9905496
9905497
9905498
9905519
9905575
9905590
9905591
9905603
9905604
9905623
9905632
9905636
9905644
9905670
9905683
9905687
9905709
9905710
9905723
9905750
9905755
9905777
9905801
9905807
9905834
9905835
9905840
9905847
9905852
9905874
9905884
9905885
9905901
9905905
9905914
9905923
9905938
9905948
9905949
9905988
9905998
9906000
9906014
9906030
9906039
9906072
9906088
9906101
9906124
9906136
9906170
9906171
9906185
9906259
9906265
9906269
9906295
9906296
9906340
9906363
9906369
9906382
9906392
9906401
9906412
9906424
9906442
9906504
9906533
9906534
9906535
9906542
9906545
9906552
9906553
9906562
9906568
9906571
9906577
9906589
9906593
9906594
9906607
9906698
9906725
9906726
9906727
9906743
9906765
9906791
9906819
9906829
9906875
9906876
9906914
9906923
9906997
9907023
9907040
9907090
9907116
9907124
9907136
9907145
9907148
9907149
9907153
9907154
9907155
9907174
9907182
9907209
9907215
9907220
9907221
9907225
9907232
9907243
9907247
9907248
9907256
9907264
9907305
9907324
9907325
9907332
9907333
9907334
9907350
9907377
9907395
9907416
9907430
9907438
9907496
9907502
9907514
9907522
9907523
9907534
9907550
9907580
9907593
9907597
9907612
9907657
9907663
9907695
9907718
9907719
9907727
9907733
9907763
9907769
9907773
9907777
9907778
9907783
9907805
9907816
9907835
9907836
9907840
9907853
9907854
9907855
9907898
9907905
9907906
9907925
9907931
9907949
9907952
9907966
9907997
9907998
9908021
9908023
9908037
9908045
9908059
9908063
9908073
9908079
9908080
9908081
9908093
9908142
9908159
9908169
9908198
9908219
9908222
9908256
9908260
9908268
9908289
9908290
9908293
9908343
9908352
9908353
9908382
9908391
9908394
9908404
9908426
9908427
9908462
9908473
9908499
9908500
9908506
9908521
9908541
9908587
9908613
9908614
9908722
9908729
9908752
9908759
9908760
9908769
9908776
9908777
9908837
9908838
9908858
9908861
9908888
9908889
9908892
9908901
9908925
9908935
9908957
9908962
9908969
9908973
9908975
9908976
9908999
9909000
9909001
9909006
9909009
9909019
9909023
9909024
9909047
9909069
9909091
9909110
9909132
9909133
9909134
9909167
9909168
9909169
9909170
9909204
9909252
9909253
9909254
9909266
9909366
9909367
9909368
9909394
9909395
9909400
9909403
9909410
9909430
9909431
9909434
9909435
9909447
9909456
9909467
9909477
9909494
9909500
9909501
9909508
9909511
9909534
9909540
9909543
9909558
9909559
9909570
9909571
9909583
9909584
9909587
9909598
9909602
9909603
9909606
9909612
9909625
9909634
9909648
9909667
9909718
9909727
9909763
9909764
9909774
9909865
9909885
9909894
9909913
9909916
9909917
9909929
9909942
9909972
9909983
9909984
9909985
9909993
9909999
9910010
9910043
9910060
9910083
9910090
9910101
9910109
9910112
9910119
9910141
9910147
9910156
9910157
9910162
9910211
9910217
9910245
9910249
9910304
9910316
9910341
9910356
9910361
9910373
9910378
9910379
9910386
9910387
9910400
9910401
9910407
9910427
9910435
9910441
9910469
9910504
9910575
9910596
9910626
9910627
9910640
9910657
9910668
9910669
9910690
9910694
9910752
9910786
9910790
9910821
9910837
9910850
9910865
9910866
9910867
9910868
9910875
9910885
9910887
9910888
9910907
9910922
9910986
9911047
9911048
9911069
9911077
9911079
9911092
9911116
9911117
9911123
9911127
9911151
9911163
9911164
9911177
9911200
9911214
9911264
9911267
9911284
9911288
9911291
9911300
9911301
9911306
9911309
9911318
9911330
9911394
9911414
9911415
9911416
9911423
9911424
9911429
9911430
9911433
9911449
9911450
9911456
9911466
9911467
9911479
9911480
9911505
9911506
9911517
9911518
9911550
9911567
9911571
9911575
9911610
9911620
9911628
9911635
9911639
9911645
9911648
9911660
9911661
9911669
9911672
9911673
9911676
9911677
9911678
9911679
9911684
9911685
9911688
9911717
9911718
9911719
9911734
9911738
9911742
9911746
9911752
9911757
9911766
9911769
9911778
9911782
9911783
9911794
9911808
9911809
9911819
9911820
9911838
9911843
9911857
9911858
9911889
9911891
9911905
9911946
9911947
9911952
9911960
9911965
9911974
9911975
9911979
9912019
9912044
9912046
9912056
9912115
9912118
9912123
9912129
9912141
9912146
9912154
9912185
9912215
9912219
9912248
9912288
9912289
9912294
9912315
9912331
9912332
9912373
9912393
9912394
9912397
9912411
9912420
9912421
9912459
9912476
9912483
9912484
9912494
9912513
9912538
9912578
9912583
9912632
9912644
9912656
9912665
9912678
9912687
9912702
9912703
9912743
9912790
9912799
9912800
9912806
9912819
9912840
9912846
9912876
9912880
9912904
9912939
9912943
9912958
9912976
9912987
9912988
9913088
9913105
9913132
9913133
9913134
9913139
9913145
9913146
9913158
9913181
9913189
9913193
9913194
9913202
9913274
9913319
9913334
9913361
9913368
9913371
9913433
9913434
9913449
9913481
9913503
9913511
9913530
9913531
9913544
9913547
9913548
9913549
9913550
9913554
9913561
9913564
9913604
9913610
9913612
9913639
9913649
9913650
9913655
9913656
9913692
9913701
9913704
9913711
9913712
9913718
9913719
9913735
9913739
9913771
9913809
9913812
9913838
9913844
9913860
9913864
9913868
9913869
9913914
9913915
9913916
9913917
9913925
9913939
9913940
9913941
9913942
9913943
9913944
9913948
9913990
9913999
9914011
9914012
9914037
9914044
9914065
9914066
9914070
9914109
9914126
9914131
9914137
9914188
9914240
9914254
9914265
9914266
9914267
9914268
9914280
9914297
9914321
9914350
9914414
9914424
9914427
9914428
9914440
9914461
9914464
9914465
9914466
9914524
9914527
9914528
9914532
9914559
9914561
9914581
9914597
9914607
9914608
9914609
9914619
9914620
9914629
9914633
9914658
9914659
9914665
9914682
9914714
9914729
9914732
9914733
9914734
9914735
9914736
9914753
9914757
9914770
9914779
9914786
9914819
9914820
9914821
9914822
9914826
9914830
9914847
9914862
9914877
9914880
9914883
9914894
9914902
9914906
9914915
9914916
9914947
9914953
9914954
9914971
9914972
9914979
9914998
9915001
9915045
9915059
9915098
9915113
9915114
9915140
9915141
9915146
9915147
9915161
9915169
9915178
9915182
9915194
9915210
9915215
9915216
9915277
9915292
9915293
9915294
9915302
9915311
9915327
9915333
9915351
9915355
9915366
9915371
9915379
9915392
9915400
9915405
9915416
9915419
9915429
9915445
9915446
9915449
9915460
9915538
9915551
9915565
9915580
9915588
9915598
9915611
9915643
9915706
9915718
9915732
9915736
9915737
9915750
9915775
9915791
9915856
9915877
9915890
9915897
9915900
9915918
9915941
9915958
9915975
9916011
9916054
9916055
9916061
9916077
9916097
9916213
9916214
9916218
9916222
9916254
9916260
9916263
9916282
9916286
9916292
9916295
9916301
9916307
9916308
9916316
9916319
9916320
9916331
9916332
9916335
9916375
9916391
9916396
9916410
9916415
9916426
9916454
9916455
9916470
9916478
9916482
9916483
9916484
9916505
9916506
9916507
9916512
9916513
9916541
9916542
9916549
9916550
9916553
9916556
9916560
9916588
9916599
9916610
9916613
9916617
9916622
9916628
9916629
9916630
9916631
9916632
9916646
9916701
9916702
9916705
9916706
9916710
9916794
9916802
9916809
9916857
9916909
9916917
9916934
9916935
9916940
9916962
9916992
9917008
9917020
9917021
9917037
9917038
9917048
9917049
9917050
9917051
9917070
9917071
9917072
9917073
9917095
9917112
9917117
9917118
9917125
9917126
9917167
9917182
9917183
9917184
9917192
9917213
9917231
9917240
9917241
9917302
9917303
9917352
9917357
9917376
9917377
9917378
9917384
9917388
9917403
9917407
9917427
9917431
9917440
9917455
9917459
9917460
9917476
9917490
9917524
9917527
9917528
9917529
9917563
9917573
9917574
9917588
9917589
9917591
9917601
9917605
9917618
9917621
9917655
9917665
9917666
9917675
9917686
9917733
9917766
9917783
9917790
9917793
9917816
9917824
9917825
9917835
9917839
9917852
9917853
9917854
9917855
9917860
9917877
9917881
9917889
9917919
9917930
9917959
9917973
9918006
9918039
9918051
9918126
9918144
9918156
9918166
9918184
9918206
9918226
9918243
9918247
9918248
9918251
9918252
9918253
9918258
9918259
9918284
9918297
9918343
9918344
9918350
9918356
9918368
9918377
9918382
9918388
9918391
9918395
9918398
9918410
9918411
9918428
9918429
9918454
9918464
9918503
9918560
9918623
9918647
9918648
9918686
9918687
9918688
9918701
9918806
9918832
9918892
9918907
9918918
9918947
9918964
9918984
9918993
9919088
9919107
9919108
9919112
9919140
9919184
9919185
9919192
9919193
9919194
9919271
9919272
9919273
9919279
9919280
9919343
9919344
9919351
9919400
9919416
9919417
9919442
9919463
9919466
9919467
9919470
9919471
9919485
9919495
9919498
9919510
9919511
9919519
9919534
9919535
9919556
9919559
9919567
9919581
9919586
9919590
9919600
9919605
9919616
9919619
9919620
9919623
9919644
9919645
9919660
9919672
9919673
9919674
9919675
9919690
9919705
9919726
9919740
9919744
9919781
9919787
9919808
9919822
9919823
9919829
9919830
9919836
9919837
9919840
9919847
9919848
9919852
9919868
9919869
9919880
9919888
9919894
9919907
9919938
9919949
9919965
9919988
9920000
9920016
9920017
9920023
9920039
9920040
9920047
9920096
9920123
9920147
9920188
9920189
9920225
9920231
9920244
9920267
9920268
9920269
9920270
9920309
9920424
9920477
9920478
9920525
9920577
9920583
9920612
9920618
9920630
9920663
9920673
9920674
9920692
9920693
9920749
9920797
9920834
9920840
9920841
9920854
9920855
9920878
9920879
9920880
9920926
9920948
9920998
9921012
9921031
9921035
9921043
9921052
9921060
9921079
9921080
9921120
9921154
9921162
9921179
9921195
9921216
9921225
9921229
9921238
9921239
9921254
9921260
9921261
9921409
9921420
9921471
9921496
9921506
9921526
9921535
9921558
9921559
9921590
9921600
9921616
9921632
9921637
9921643
9921679
9921680
9921681
9921684
9921729
9921747
9921812
9921816
9921838
9921844
9921849
9921869
9921915
9921935
9921937
9921941
9921944
9921998
9922007
9922026
9922042
9922071
9922082
9922107
9922129
9922151
9922163
9922226
9922235
9922243
9922352
9922382
9922383
9922393
9922460
9922461
9922467
9922468
9922469
9922476
9922479
9922513
9922521
9922526
9922527
9922560
9922561
9922562
9922579
9922595
9922613
9922630
9922631
9922665
9922669
9922681
9922695
9922711
9922717
9922718
9922719
9922729
9922775
9922839
9922847
9922865
9922888
9922908
9922930
9922931
9922932
9922949
9922950
9922978
9922993
9923005
9923031
9923036
9923061
9923074
9923075
9923081
9923141
9923192
9923193
9923258
9923259
9923266
9923267
9923304
9923308
9923311
9923320
9923332
9923333
9923358
9923359
9923370
9923371
9923387
9923388
9923401
9923402
9923422
9923434
9923440
9923453
9923456
9923457
9923458
9923470
9923471
9923491
9923492
9923493
9923514
9923520
9923524
9923535
9923536
9923540
9923544
9923580
9923581
9923590
9923591
9923595
9923602
9923603
9923604
9923628
9923634
9923639
9923658
9923693
9923702
9923713
9923716
9923725
9923754
9923762
9923763
9923791
9923912
9923918
9923919
9923922
9923929
9923930
9923931
9924026
9924037
9924080
9924081
9924089
9924090
9924091
9924096
9924106
9924116
9924117
9924118
9924119
9924123
9924127
9924147
9924173
9924174
9924194
9924214
9924215
9924220
9924234
9924241
9924321
9924332
9924389
9924390
9924391
9924401
9924402
9924413
9924418
9924435
9924456
9924457
9924461
9924477
9924481
9924490
9924501
9924511
9924516
9924522
9924526
9924530
9924546
9924547
9924551
9924593
9924607
9924615
9924619
9924628
9924637
9924656
9924660
9924669
9924751
9924752
9924753
9924755
9924756
9924778
9924814
9924832
9924851
9924855
9924858
9924864
9924878
9924879
9924907
9924912
9924925
9924956
9924972
9924973
9925001
9925031
9925032
9925034
9925052
9925053
9925054
9925060
9925061
9925062
9925070
9925079
9925086
9925089
9925148
9925157
9925161
9925164
9925244
9925314
9925315
9925316
9925340
9925350
9925397
9925405
9925408
9925429
9925430
9925434
9925469
9925480
9925498
9925523
9925539
9925547
9925598
9925605
9925621
9925627
9925646
9925651
9925669
9925684
9925697
9925703
9925716
9925717
9925864
9925875
9925883
9925906
9925914
9925915
9925925
9925926
9925953
9925958
9925966
9925968
9925976
9925997
9926001
9926022
9926026
9926028
9926061
9926068
9926075
9926080
9926103
9926136
9926148
9926168
9926191
9926202
9926203
9926227
9926235
9926247
9926302
9926309
9926319
9926349
9926350
9926353
9926354
9926355
9926378
9926392
9926424
9926430
9926431
9926451
9926468
9926469
9926473
9926489
9926560
9926580
9926608
9926639
9926664
9926676
9926677
9926684
9926699
9926728
9926741
9926763
9926872
9926885
9926920
9926923
9926951
9926954
9926968
9926979
9926991
9926994
9927014
9927019
9927020
9927021
9927028
9927035
9927041
9927045
9927062
9927089
9927094
9927120
9927126
9927127
9927128
9927129
9927136
9927143
9927177
9927178
9927207
9927208
9927221
9927229
9927233
9927234
9927243
9927244
9927250
9927251
9927252
9927262
9927263
9927268
9927269
9927273
9927274
9927279
9927293
9927294
9927308
9927309
9927312
9927313
9927314
9927337
9927353
9927360
9927368
9927374
9927385
9927386
9927387
9927395
9927396
9927403
9927417
9927425
9927447
9927448
9927455
9927456
9927462
9927477
9927478
9927499
9927515
9927516
9927523
9927528
9927529
9927534
9927535
9927536
9927546
9927561
9927586
9927592
9927601
9927605
9927608
9927609
9927612
9927615
9927617
9927622
9927623
9927626
9927627
9927649
9927653
9927686
9927732
9927771
9927785
9927786
9927790
9927796
9927806
9927807
9927813
9927859
9927930
9927980
9927985
9927989
9927998
9928004
9928028
9928040
9928083
9928094
9928129
9928134
9928135
9928143
9928149
9928150
9928165
9928187
9928191
9928201
9928206
9928222
9928223
9928272
9928291
9928300
9928322
9928339
9928344
9928345
9928361
9928388
9928389
9928392
9928418
9928440
9928441
9928445
9928448
9928449
9928545
9928546
9928549
9928558
9928561
9928590
9928591
9928592
9928598
9928625
9928630
9928639
9928640
9928641
9928683
9928691
9928695
9928696
9928721
9928728
9928729
9928730
9928733
9928746
9928749
9928766
9928769
9928774
9928783
9928829
9928830
9928840
9928846
9928851
9928861
9928883
9928933
9928934
9928935
9928946
9928953
9928954
9928955
9928961
9928967
9928982
9928985
9928989
9928995
9928996
9928997
9929000
9929001
9929023
9929042
9929043
9929044
9929045
9929051
9929052
9929063
9929064
9929068
9929072
9929073
9929079
9929098
9929115
9929119
9929126
9929127
9929146
9929171
9929172
9929175
9929185
9929196
9929201
9929202
9929203
9929214
9929215
9929221
9929231
9929264
9929327
9929329
9929341
9929342
9929343
9929344
9929345
9929346
9929347
9929350
9929353
9929385
9929390
9929414
9929415
9929439
9929442
9929453
9929457
9929461
9929487
9929527
9929534
9929538
9929547
9929548
9929556
9929591
9929595
9929601
9929602
9929607
9929608
9929632
9929652
9929653
9929655
9929705
9929713
9929729
9929736
9929764
9929765
9929766
9929772
9929773
9929778
9929779
9929780
9929781
9929782
9929803
9929847
9929848
9929855
9929867
9929873
9929874
9929875
9929893
9929897
9929900
9929904
9929920
9929923
9929924
9929931
9929947
9929953
9929957
9929979
9929992
9929999
9930000
9930010
9930011
9930015
9930026
9930064
9930071
9930078
9930094
9930096
9930106
9930163
9930178
9930197
9930202
9930219
9930234
9930265
9930276
9930277
9930292
9930295
9930309
9930321
9930332
9930343
9930357
9930358
9930362
9930383
9930430
9930439
9930472
9930489
9930490
9930491
9930492
9930497
9930517
9930518
9930537
9930538
9930545
9930558
9930563
9930564
9930565
9930569
9930570
9930577
9930580
9930581
9930591
9930592
9930596
9930609
9930624
9930648
9930649
9930707
9930715
9930718
9930724
9930728
9930768
9930786
9930797
9930816
9930829
9930830
9930838
9930845
9930922
9930928
9930937
9930948
9930974
9930982
9931002
9931003
9931016
9931017
9931051
9931062
9931067
9931068
9931082
9931083
9931086
9931087
9931090
9931105
9931128
9931141
9931145
9931165
9931168
9931169
9931179
9931182
9931191
9931198
9931202
9931203
9931218
9931245
9931253
9931259
9931264
9931268
9931278
9931279
9931286
9931299
9931328
9931339
9931343
9931351
9931352
9931355
9931367
9931368
9931376
9931383
9931386
9931391
9931395
9931396
9931407
9931416
9931417
9931428
9931472
9931473
9931491
9931492
9931495
9931500
9931503
9931519
9931534
9931539
9931574
9931583
9931592
9931596
9931597
9931615
9931629
9931640
9931663
9931664
9931681
9931707
9931711
9931725
9931732
9931753
9931804
9931813
9931820
9931821
9931822
9931857
9931880
9931921
9931950
9931960
9931975
9931996
9932023
9932024
9932025
9932029
9932051
9932054
9932066
9932104
9932120
9932138
9932150
9932151
9932163
9932213
9932231
9932232
9932243
9932247
9932277
9932280
9932288
9932332
9932343
9932365
9932401
9932460
9932487
9932496
9932514
9932534
9932541
9932553
9932564
9932571
9932572
9932585
9932601
9932622
9932650
9932651
9932656
9932681
9932709
9932710
9932793
9932830
9932849
9932860
9932872
9932877
9932894
9932915
9932916
9932941
9932942
9932957
9932965
9932975
9932987
9932997
9932998
9933040
9933062
9933107
9933115
9933137
9933141
9933157
9933158
9933172
9933173
9933180
9933182
9933193
9933197
9933202
9933215
9933216
9933241
9933253
9933267
9933272
9933291
9933295
9933329
9933330
9933331
9933352
9933353
9933379
9933386
9933387
9933388
9933391
9933392
9933401
9933405
9933409
9933410
9933411
9933426
9933453
9933458
9933483
9933484
9933485
9933489
9933513
9933514
9933515
9933528
9933545
9933546
9933558
9933559
9933578
9933581
9933585
9933600
9933620
9933621
9933633
9933634
9933638
9933657
9933672
9933673
9933685
9933715
9933741
9933752
9933754
9933775
9933785
9933879
9933880
9933928
9933933
9933938
9933939
9933975
9933980
9934012
9934021
9934042
9934043
9934044
9934063
9934066
9934082
9934106
9934112
9934131
9934132
9934141
9934170
9934174
9934175
9934213
9934216
9934226
9934236
9934237
9934273
9934274
9934275
9934276
9934277
9934298
9934316
9934317
9934320
9934324
9934330
9934331
9934334
9934335
9934351
9934353
9934361
9934365
9934369
9934384
9934385
9934386
9934403
9934409
9934426
9934427
9934430
9934431
9934432
9934437
9934454
9934460
9934467
9934470
9934489
9934501
9934514
9934526
9934529
9934533
9934534
9934538
9934546
9934550
9934551
9934552
9934556
9934557
9934565
9934568
9934576
9934582
9934600
9934606
9934607
9934610
9934611
9934614
9934615
9934618
9934619
9934620
9934624
9934628
9934648
9934654
9934657
9934663
9934669
9934670
9934671
9934672
9934673
9934674
9934675
9934676
9934679
9934680
9934686
9934689
9934690
9934820
9934828
9934829
9934830
9934861
9934879
9934895
9934896
9934900
9934904
9934949
9934950
9934977
9935001
9935005
9935008
9935013
9935043
9935047
9935067
9935071
9935081
9935086
9935097
9935106
9935138
9935141
9935146
9935150
9935151
9935161
9935187
9935193
9935203
9935240
9935253
9935257
9935258
9935259
9935276
9935316
9935317
9935318
9935340
9935350
9935351
9935352
9935361
9935362
9935363
9935371
9935382
9935407
9935423
9935428
9935432
9935433
9935434
9935454
9935464
9935469
9935495
9935507
9935527
9935530
9935531
9935549
9935550
9935553
9935554
9935555
9935556
9935559
9935565
9935574
9935578
9935579
9935593
9935601
9935612
9935615
9935618
9935622
9935625
9935628
9935631
9935642
9935648
9935649
9935656
9935657
9935662
9935689
9935690
9935704
9935705
9935706
9935707
9935708
9935709
9935714
9935740
9935741
9935744
9935765
9935766
9935767
9935776
9935777
9935778
9935779
9935780
9935783
9935784
9935788
9935792
9935796
9935806
9935807
9935813
9935824
9935827
9935830
9935831
9935837
9935846
9935847
9935850
9935852
9935853
9935866
9935867
9935887
9935891
9935897
9935898
9935910
9935911
9935916
9935922
9935940
9935943
9935968
9935973
9935975
9935976
9935977
9935983
9935995
9936018
9936031
9936046
9936076
9936099
9936100
9936101
9936102
9936105
9936138
9936144
9936156
9936167
9936168
9936184
9936192
9936198
9936199
9936203
9936204
9936205
9936211
9936212
9936216
9936217
9936218
9936225
9936237
9936245
9936246
9936247
9936248
9936265
9936266
9936277
9936290
9936292
9936293
9936297
9936298
9936332
9936345
9936349
9936424
9936428
9936432
9936442
9936464
9936470
9936473
9936474
9936504
9936505
9936544
9936574
9936575
9936576
9936582
9936591
9936609
9936614
9936667
9936670
9936675
9936676
9936680
9936701
9936703
9936726
9936727
9936742
9936743
9936746
9936749
9936750
9936757
9936795
9936823
9936828
9936854
9936869
9936870
9936877
9936891
9936900
9936937
9936940
9936949
9936985
9936986
9936992
9937021
9937035
9937074
9937085
9937107
9937111
9937116
9937126
9937132
9937140
9937144
9937174
9937175
9937197
9937288
9937319
9937464
9937496
9937503
9937534
9937535
9937556
9937557
9937570
9937585
9937592
9937593
9937594
9937595
9937600
9937601
9937602
9937610
9937617
9937631
9937644
9937677
9937741
9937775
9937783
9937793
9937804
9937805
9937816
9937821
9937876
9937939
9938000
9938035
9938036
9938037
9938068
9938081
9938094
9938095
9938123
9938124
9938160
9938168
9938245
9938310
9938313
9938314
9938342
9938401
9938411
9938412
9938463
9938526
9938551
9938577
9938591
9938643
9938650
9938659
9938685
9938692
9938700
9938711
9938727
9938736
9938742
9938778
9938793
9938848
9938851
9938855
9938858
9938874
9938883
9938887
9938892
9938927
9938928
9938929
9938933
9938936
9938937
9938938
9938981
9938982
9938989
9939010
9939015
9939020
9939029
9939045
9939082
9939094
9939097
9939104
9939122
9939145
9939187
9939189
9939221
9939222
9939227
9939266
9939290
9939337
9939340
9939351
9939359
9939376
9939392
9939393
9939409
9939443
9939444
9939462
9939524
9939525
9939526
9939537
9939541
9939544
9939555
9939564
9939573
9939587
9939600
9939601
9939621
9939627
9939629
9939630
9939631
9939632
9939641
9939642
9939645
9939651
9939652
9939653
9939654
9939668
9939677
9939678
9939679
9939680
9939681
9939682
9939693
9939696
9939697
9939698
9939715
9939716
9939736
9939747
9939751
9939763
9939764
9939766
9939771
9939779
9939797
9939802
9939803
9939852
9939853
9939854
9939875
9939878
9939879
9939907
9939909
9939910
9939930
9939939
9939944
9939945
9939952
9939988
9940044
9940053
9940068
9940069
9940077
9940082
9940129
9940145
9940152
9940159
9940176
9940183
9940192
9940233
9940234
9940261
9940294
9940302
9940311
9940366
9940367
9940368
9940369
9940370
9940371
9940372
9940382
9940388
9940393
9940403
9940424
9940439
9940445
9940493
9940506
9940536
9940537
9940538
9940570
9940571
9940572
9940584
9940594
9940627
9940648
9940649
9940685
9940716
9940721
9940764
9940798
9940801
9940802
9940831
9940845
9940848
9940870
9940871
9940879
9940880
9940881
9940889
9940910
9940911
9940924
9940925
9940936
9940939
9940943
9940949
9940956
9940963
9940966
9940969
9940970
9940971
9940975
9940993
9940994
9941008
9941009
9941023
9941024
9941032
9941036
9941040
9941041
9941059
9941065
9941069
9941088
9941095
9941103
9941104
9941108
9941111
9941114
9941124
9941146
9941189
9941241
9941279
9941334
9941343
9941344
9941345
9941346
9941351
9941381
9941416
9941432
9941442
9941444
9941445
9941448
9941449
9941467
9941640
9941646
9941671
9941685
9941694
9941714
9941783
9941797
9941804
9941821
9941825
9941863
9941869
9941870
9941897
9941913
9941939
9941949
9941967
9941979
9942018
9942019
9942059
9942060
9942119
9942167
9942210
9942221
9942222
9942252
9942280
9942282
9942283
9942308
9942320
9942343
9942348
9942349
9942376
9942398
9942406
9942427
9942458
9942464
9942465
9942491
9942496
9942505
9942511
9942529
9942530
9942531
9942564
9942578
9942590
9942591
9942604
9942610
9942616
9942637
9942643
9942666
9942690
9942701
9942704
9942727
9942737
9942746
9942758
9942761
9942822
9942823
9942852
9942853
9942861
9942920
9942928
9942936
9942938
9942943
9942948
9942974
9943005
9943013
9943014
9943015
9943020
9943047
9943061
9943062
9943064
9943068
9943076
9943082
9943083
9943086
9943095
9943103
9943112
9943124
9943127
9943128
9943129
9943130
9943136
9943140
9943160
9943163
9943164
9943190
9943194
9943200
9943215
9943242
9943247
9943248
9943249
9943253
9943254
9943255
9943272
9943275
9943278
9943281
9943285
9943308
9943311
9943320
9943321
9943322
9943326
9943340
9943343
9943346
9943347
9943348
9943349
9943352
9943353
9943354
9943359
9943363
9943364
9943365
9943366
9943367
9943382
9943383
9943404
9943430
9943435
9943445
9943467
9943480
9943487
9943492
9943495
9943548
9943552
9943553
9943557
9943558
9943568
9943569
9943585
9943595
9943601
9943602
9943603
9943615
9943647
9943670
9943671
9943672
9943677
9943678
9943731
9943734
9943735
9943741
9943795
9943796
9943806
9943807
9943815
9943816
9943817
9943818
9943827
9943834
9943835
9943869
9943888
9943905
9943912
9943918
9943938
9943946
9943969
9943993
9944014
9944035
9944084
9944100
9944109
9944131
9944148
9944159
9944160
9944179
9944196
9944199
9944256
9944260
9944269
9944275
9944309
9944310
9944335
9944336
9944347
9944349
9944373
9944388
9944399
9944400
9944427
9944474
9944475
9944504
9944515
9944527
9944547
9944562
9944570
9944571
9944575
9944601
9944612
9944627
9944680
9944684
9944685
9944723
9944727
9944728
9944744
9944756
9944757
9944788
9944789
9944790
9944791
9944838
9944847
9944848
9944860
9944872
9944880
9944895
9944896
9944907
9944919
9944969
9945056
9945080
9945085
9945097
9945098
9945106
9945114
9945122
9945130
9945146
9945150
9945151
9945177
9945186
9945207
9945229
9945230
9945236
9945252
9945256
9945265
9945266
9945281
9945290
9945315
9945316
9945323
9945326
9945334
9945335
9945354
9945387
9945393
9945394
9945399
9945413
9945419
9945430
9945442
9945468
9945471
9945476
9945488
9945502
9945503
9945504
9945511
9945526
9945527
9945556
9945577
9945578
9945586
9945591
9945622
9945636
9945659
9945662
9945668
9945679
9945689
9945690
9945691
9945692
9945704
9945751
9945755
9945841
9945854
9945878
9945882
9945885
9945889
9945907
9945910
9945911
9945915
9945917
9945930
9945944
9945960
9945967
9945988
9946003
9946009
9946010
9946036
9946043
9946047
9946060
9946077
9946098
9946111
9946160
9946176
9946206
9946207
9946208
9946231
9946242
9946247
9946248
9946275
9946279
9946314
9946335
9946384
9946394
9946411
9946412
9946413
9946419
9946422
9946434
9946444
9946470
9946477
9946482
9946494
9946498
9946505
9946514
9946521
9946553
9946562
9946571
9946586
9946611
9946634
9946684
9946685
9946694
9946697
9946703
9946706
9946725
9946766
9946856
9946857
9946865
9946932
9946933
9946937
9946938
9946949
9946965
9946971
9947041
9947053
9947054
9947055
9947090
9947096
9947105
9947118
9947119
9947120
9947163
9947164
9947177
9947198
9947199
9947210
9947220
9947223
9947230
9947256
9947279
9947316
9947365
9947366
9947374
9947375
9947376
9947410
9947425
9947429
9947430
9947444
9947448
9947462
9947480
9947483
9947495
9947508
9947512
9947591
9947600
9947612
9947633
9947666
9947682
9947691
9947709
9947710
9947742
9947751
9947779
9947789
9947847
9947857
9947858
9947862
9947864
9947865
9947866
9947867
9947878
9947882
9947884
9947885
9947904
9947912
9947915
9947919
9947953
9947960
9947961
9947988
9947989
9948020
9948027
9948039
9948043
9948120
9948121
9948131
9948162
9948178
9948213
9948221
9948235
9948266
9948287
9948295
9948305
9948321
9948327
9948328
9948341
9948344
9948357
9948375
9948381
9948383
9948398
9948419
9948436
9948437
9948441
9948450
9948457
9948461
9948462
9948466
9948469
9948475
9948519
9948539
9948542
9948572
9948601
9948608
9948611
9948620
9948623
9948624
9948625
9948626
9948637
9948643
9948655
9948668
9948679
9948680
9948687
9948693
9948715
9948721
9948722
9948734
9948767
9948784
9948785
9948795
9948841
9948842
9948843
9948846
9948856
9948863
9948866
9948872
9948880
9948906
9948945
9948993
9949005
9949008
9949009
9949048
9949061
9949065
9949071
9949116
9949125
9949140
9949152
9949187
9949188
9949219
9949265
9949287
9949290
9949298
9949320
9949341
9949366
9949367
9949428
9949432
9949448
9949535
9949542
9949551
9949595
9949606
9949607
9949644
9949668
9949700
9949714
9949718
9949719
9949720
9949721
9949724
9949732
9949753
9949754
9949762
9949767
9949792
9949852
9949870
9949876
9949902
9949932
9949944
9949952
9949987
9950030
9950040
9950041
9950056
9950057
9950101
9950137
9950166
9950176
9950205
9950206
9950230
9950240
9950241
9950263
9950264
9950267
9950335
9950349
9950350
9950351
9950352
9950357
9950410
9950413
9950414
9950415
9950416
9950424
9950464
9950482
9950492
9950506
9950514
9950533
9950612
9950613
9950627
9950628
9950634
9950635
9950636
9950682
9950687
9950700
9950707
9950724
9950725
9950731
9950739
9950743
9950759
9950767
9950768
9950783
9950818
9950821
9950828
9950829
9950836
9950842
9950856
9950861
9950864
9950875
9950876
9950889
9950892
9950893
9950903
9950907
9950921
9950925
9950931
9950945
9950986
9950987
9950988
9951068
9951095
9951105
9951108
9951114
9951130
9951193
9951246
9951261
9951262
9951263
9951270
9951285
9951333
9951345
9951371
9951399
9951434
9951535
9951536
9951547
9951551
9951552
9951566
9951574
9951575
9951576
9951650
9951663
9951670
9951689
9951714
9951728
9951739
9951758
9951759
9951768
9951773
9951774
9951775
9951796
9951805
9951854
9951891
9951948
9951954
9951986
9951989
9952010
9952011
9952051
9952056
9952090
9952111
9952119
9952151
9952214
9952274
9952283
9952322
9952323
9952324
9952325
9952326
9952373
9952489
9952490
9952495
9952500
9952519
9952520
9952548
9952564
9952575
9952582
9952601
9952613
9952657
9952668
9952691
9952710
9952718
9952727
9952770
9952777
9952783
9952817
9952826
9952847
9952864
9952884
9952930
9952948
9952956
9952973
9953007
9953027
9953028
9953048
9953054
9953055
9953056
9953059
9953068
9953069
9953070
9953082
9953089
9953109
9953133
9953134
9953164
9953199
9953235
9953243
9953267
9953286
9953287
9953288
9953303
9953352
9953361
9953400
9953407
9953455
9953459
9953481
9953494
9953505
9953510
9953513
9953523
9953531
9953532
9953543
9953551
9953552
9953553
9953574
9953585
9953586
9953589
9953590
9953591
9953595
9953596
9953597
9953598
9953599
9953603
9953604
9953605
9953613
9953631
9953632
9953633
9953636
9953637
9953644
9953667
9953668
9953691
9953698
9953708
9953727
9953734
9953738
9953754
9953755
9953764
9953788
9953806
9953832
9953849
9953850
9953857
9953858
9953862
9953865
9953888
9953948
9953949
9953956
9953976
9953984
9953993
9954002
9954009
9954015
9954035
9954053
9954054
9954057
9954076
9954085
9954091
9954096
9954131
9954143
9954153
9954166
9954226
9954227
9954265
9954271
9954272
9954286
9954287
9954323
9954337
9954346
9954359
9954360
9954380
9954381
9954392
9954396
9954411
9954455
9954456
9954472
9954517
9954518
9954523
9954538
9954549
9954561
9954571
9954587
9954588
9954598
9954599
9954640
9954646
9954654
9954655
9954679
9954695
9954730
9954747
9954754
9954755
9954759
9954760
9954768
9954819
9954864
9954884
9954885
9954915
9954997
9955016
9955019
9955078
9955083
9955084
9955092
9955111
9955124
9955132
9955182
9955183
9955184
9955196
9955206
9955216
9955217
9955257
9955297
9955298
9955330
9955335
9955343
9955351
9955352
9955361
9955373
9955397
9955409
9955432
9955443
9955471
9955472
9955480
9955481
9955486
9955510
9955511
9955514
9955522
9955572
9955575
9955586
9955587
9955595
9955631
9955642
9955666
9955676
9955689
9955695
9955698
9955716
9955722
9955736
9955741
9955764
9955783
9955803
9955804
9955805
9955810
9955814
9955815
9955830
9955836
9955837
9955850
9955873
9955875
9955888
9955914
9955936
9955937
9955943
9955952
9955953
9955957
9955965
9955992
9955993
9956045
9956071
9956096
9956097
9956145
9956260
9956265
9956271
9956296
9956304
9956323
9956368
9956369
9956374
9956384
9956385
9956473
9956506
9956523
9956524
9956529
9956538
9956561
9956565
9956579
9956580
9956596
9956602
9956614
9956622
9956628
9956652
9956660
9956673
9956677
9956721
9956728
9956729
9956752
9956801
9956802
9956836
9956837
9956862
9956863
9956876
9956877
9956878
9956908
9956936
9956939
9956979
9956980
9956985
9957038
9957131
9957175
9957207
9957219
9957248
9957297
9957309
9957322
9957323
9957328
9957344
9957356
9957402
9957403
9957408
9957464
9957465
9957504
9957528
9957537
9957654
9957717
9957735
9957736
9957755
9957775
9957785
9957826
9957829
9957838
9957839
9957860
9957869
9957878
9957879
9957883
9957893
9957922
9957923
9957946
9957947
9957955
9957956
9957963
9957964
9957968
9957972
9957973
9957974
9957975
9957981
9957983
9957984
9957995
9957996
9957999
9958003
9958004
9958016
9958020
9958038
9958039
9958046
9958055
9958058
9958065
9958067
9958068
9958071
9958121
9958122
9958139
9958175
9958217
9958227
9958243
9958249
9958256
9958262
9958274
9958312
9958416
9958472
9958473
9958474
9958485
9958495
9958498
9958505
9958518
9958527
9958642
9958643
9958664
9958702
9958709
9958712
9958721
9958766
9958802
9958861
9958883
9958894
9958917
9958982
9959026
9959031
9959032
9959036
9959050
9959062
9959128
9959139
9959156
9959174
9959185
9959191
9959221
9959225
9959237
9959303
9959304
9959318
9959319
9959327
9959337
9959348
9959359
9959365
9959372
9959373
9959384
9959396
9959420
9959427
9959435
9959439
9959470
9959471
9959472
9959478
9959485
9959486
9959490
9959494
9959504
9959509
9959519
9959520
9959527
9959528
9959566
9959571
9959575
9959576
9959614
9959628
9959631
9959680
9959684
9959704
9959705
9959754
9959769
9959797
9959804
9959813
9959851
9959943
9959969
9960015
9960038
9960063
9960066
9960180
9960244
9960335
9960360
9960361
9960362
9960365
9960366
9960367
9960413
9960503
9960536
9960556
9960559
9960560
9960564
9960565
9960584
9960599
9960605
9960619
9960629
9960630
9960643
9960644
9960645
9960679
9960728
9960753
9960798
9960809
9960828
9960829
9960836
9960842
9960854
9960864
9960868
9960884
9960885
9960886
9960887
9960921
9960940
9961023
9961024
9961041
9961049
9961056
9961072
9961130
9961134
9961149
9961161
9961162
9961168
9961171
9961172
9961173
9961183
9961207
9961214
9961238
9961243
9961248
9961275
9961285
9961332
9961357
9961376
9961389
9961415
9961421
9961467
9961505
9961511
9961516
9961519
9961530
9961552
9961584
9961605
9961641
9961676
9961695
9961768
9961769
9961778
9961810
9961811
9961812
9961824
9961867
9961900
9961901
9961904
9961905
9961914
9961917
9961922
9961926
9961927
9961928
9961966
9961990
9962018
9962051
9962052
9962070
9962090
9962094
9962111
9962121
9962127
9962128
9962135
9962136
9962162
9962200
9962203
9962210
9962222
9962242
9962249
9962250
9962251
9962317
9962326
9962327
9962348
9962378
9962472
9962478
9962501
9962502
9962503
9962533
9962550
9962578
9962611
9962703
9962704
9962716
9962734
9962739
9962743
9962755
9962756
9962758
9962770
9962838
9962841
9962842
9962858
9962860
9962871
9962872
9962892
9962900
9962911
9962912
9962925
9962944
9962958
9962959
9962976
9963004
9963009
9963018
9963059
9963115
9963116
9963117
9963144
9963182
9963196
9963202
9963225
9963226
9963253
9963261
9963264
9963273
9963369
9963400
9963411
9963412
9963418
9963419
9963462
9963469
9963478
9963495
9963503
9963509
9963510
9963516
9963519
9963528
9963570
9963601
9963609
9963618
9963623
9963630
9963631
9963639
9963645
9963646
9963647
9963650
9963673
9963680
9963681
9963684
9963688
9963704
9963721
9963727
9963736
9963755
9963787
9963790
9963794
9963795
9963796
9963806
9963807
9963808
9963813
9963833
9963838
9963844
9963875
9963876
9963877
9963881
9963900
9963901
9963914
9963948
9963975
9963979
9963983
9963997
9964014
9964015
9964026
9964041
9964042
9964043
9964049
9964050
9964054
9964055
9964056
9964061
9964079
9964080
9964098
9964099
9964115
9964116
9964117
9964118
9964126
9964128
9964129
9964144
9964149
9964165
9964192
9964207
9964210
9964216
9964245
9964254
9964262
9964266
9964271
9964292
9964293
9964302
9964303
9964314
9964315
9964330
9964331
9964337
9964367
9964368
9964369
9964370
9964374
9964418
9964419
9964423
9964424
9964459
9964481
9964482
9964502
9964503
9964504
9964509
9964518
9964519
9964523
9964542
9964543
9964546
9964553
9964561
9964570
9964608
9964628
9964635
9964642
9964643
9964675
9964676
9964681
9964685
9964686
9964691
9964694
9964709
9964710
9964721
9964722
9964726
9964734
9964735
9964738
9964747
9964752
9964766
9964770
9964779
9964785
9964786
9964787
9964816
9964825
9964828
9964831
9964832
9964884
9964887
9964888
9964908
9964909
9964933
9964937
9964938
9964954
9964963
9964992
9964993
9965002
9965017
9965021
9965037
9965041
9965050
9965054
9965055
9965056
9965062
9965067
9965073
9965080
9965101
9965108
9965109
9965118
9965127
9965146
9965150
9965164
9965165
9965169
9965180
9965191
9965192
9965196
9965197
9965201
9965211
9965212
9965218
9965239
9965273
9965274
9965280
9965281
9965297
9965302
9965303
9965304
9965317
9965331
9965345
9965359
9965370
9965371
9965377
9965388
9965389
9965408
9965420
9965421
9965422
9965473
9965549
9965552
9965578
9965587
9965592
9965593
9965594
9965595
9965599
9965600
9965601
9965615
9965616
9965619
9965624
9965630
9965631
9965635
9965636
9965639
9965643
9965648
9965649
9965650
9965651
9965657
9965679
9965690
9965701
9965706
9965707
9965825
9965867
9965876
9965880
9965888
9965896
9965928
9965929
9965930
9965944
9965948
9965952
9965959
9965962
9965972
9965973
9966007
9966010
9966011
9966014
9966020
9966023
9966024
9966036
9966050
9966051
9966052
9966053
9966054
9966059
9966060
9966067
9966100
9966138
9966141
9966156
9966157
9966158
9966159
9966168
9966175
9966179
9966190
9966191
9966192
9966204
9966207
9966220
9966228
9966229
9966249
9966298
9966310
9966314
9966327
9966328
9966329
9966332
9966336
9966362
9966363
9966383
9966384
9966394
9966401
9966402
9966405
9966414
9966427
9966432
9966433
9966438
9966439
9966443
9966444
9966445
9966446
9966447
9966448
9966449
9966459
9966463
9966464
9966465
9966471
9966475
9966478
9966484
9966502
9966506
9966510
9966518
9966523
9966525
9966526
9966533
9966536
9966540
9966542
9966546
9966554
9966557
9966558
9966562
9966563
9966564
9966579
9966583
9966588
9966589
9966610
9966616
9966617
9966621
9966624
9966625
9966626
9966636
9966645
9966646
9966647
9966648
9966656
9966657
9966658
9966665
9966668
9966669
9966672
9966673
9966682
9966689
9966697
9966700
9966704
9966711
9966718
9966719
9966723
9966732
9966733
9966734
9966740
9966750
9966751
9966752
9966755
9966756
9966757
9966758
9966764
9966780
9966781
9966782
9966785
9966789
9966792
9966802
9966803
9966806
9966820
9966821
9966822
9966828
9966836
9966856
9966866
9966869
9966870
9966871
9966877
9966878
9966900
9966907
9966914
9966917
9966918
9966924
9966930
9966936
9966939
9966940
9966945
9966948
9966951
9966952
9966961
9966967
9966968
9966971
9966974
9966978
9966979
9966980
9966985
9966986
9966994
9966998
9967004
9967010
9967011
9967027
9967028
9967029
9967035
9967045
9967046
9967050
9967052
9967057
9967060
9967070
9967075
9967076
9967082
9967095
9967096
9967100
9967101
9967102
9967103
9967107
9967108
9967109
9967112
9967118
9967119
9967124
9967125
9967128
9967129
9967137
9967148
9967154
9967161
9967164
9967165
9967177
9967178
9967182
9967186
9967198
9967199
9967200
9967203
9967207
9967213
9967223
9967230
9967233
9967234
9967240
9967244
9967246
9967247
9967255
9967259
9967264
9967265
9967266
9967275
9967276
9967295
9967296
9967300
9967301
9967302
9967304
9967307
9967312
9967315
9967318
9967335
9967341
9967342
9967343
9967344
9967345
9967346
9967351
9967352
9967356
9967357
9967360
9967361
9967365
9967366
9967369
9967370
9967379
9967382
9967391
9967403
9967406
9967443
9967463
9967464
9967467
9967468
9967469
9967470
9967471
9967474
9967497
9967593
9967594
9967623
9967629
9967634
9967642
9967643
9967664
9967693
9967721
9967807
9967828
9967834
9967838
9967880
9967914
9967944
9967994
9968001
9968002
9968007
9968020
9968024
9968040
9968049
9968059
9968072
9968078
9968101
9968116
9968124
9968143
9968168
9968192
9968205
9968225
9968228
9968239
9968251
9968252
9968256
9968257
9968273
9968293
9968308
9968319
9968323
9968327
9968331
9968338
9968343
9968362
9968363
9968373
9968381
9968390
9968409
9968438
9968455
9968456
9968460
9968464
9968496
9968499
9968502
9968505
9968509
9968524
9968534
9968537
9968549
9968550
9968558
9968565
9968568
9968573
9968605
9968606
9968612
9968616
9968620
9968625
9968629
9968639
9968650
9968667
9968668
9968671
9968672
9968698
9968706
9968710
9968711
9968732
9968753
9968756
9968757
9968772
9968785
9968797
9968804
9968812
9968831
9968837
9968846
9968854
9968855
9968875
9968876
9968882
9968908
9968923
9968929
9968941
9968961
9968962
9968967
9968980
9968986
9969008
9969013
9969020
9969021
9969022
9969023
9969041
9969042
9969065
9969072
9969093
9969108
9969109
9969113
9969118
9969130
9969131
9969132
9969192
9969251
9969260
9969276
9969277
9969281
9969295
9969309
9969316
9969375
9969379
9969389
9969414
9969417
9969425
9969432
9969439
9969453
9969464
9969465
9969466
9969467
9969473
9969478
9969479
9969482
9969521
9969522
9969523
9969529
9969538
9969543
9969546
9969561
9969570
9969573
9969574
9969577
9969583
9969586
9969587
9969591
9969615
9969619
9969655
9969688
9969689
9969694
9969700
9969701
9969706
9969707
9969719
9969720
9969729
9969730
9969740
9969753
9969754
9969755
9969765
9969775
9969832
9969871
9969880
9969912
9969926
9969941
9969945
9969960
9970009
9970029
9970043
9970060
9970069
9970093
9970119
9970135
9970139
9970140
9970158
9970183
9970184
9970189
9970192
9970193
9970208
9970210
9970215
9970225
9970226
9970231
9970238
9970258
9970265
9970269
9970275
9970283
9970286
9970300
9970307
9970317
9970326
9970327
9970328
9970343
9970350
9970354
9970360
9970371
9970374
9970380
9970386
9970392
9970401
9970408
9970419
9970437
9970442
9970446
9970449
9970466
9970482
9970508
9970519
9970525
9970545
9970553
9970555
9970579
9970591
9970623
9970642
9970645
9970646
9970649
9970653
9970657
9970660
9970661
9970679
9970727
9970772
9970783
9970807
9970808
9970818
9970819
9970824
9970854
9970868
9970874
9970875
9970887
9970905
9970910
9970919
9970928
9970934
9970939
9970940
9970946
9970954
9970957
9970964
9970965
9970970
9970985
9970997
9970998
9971015
9971074
9971077
9971088
9971139
9971148
9971159
9971178
9971188
9971204
9971236
9971237
9971243
9971250
9971254
9971262
9971266
9971269
9971273
9971280
9971285
9971303
9971304
9971305
9971306
9971360
9971419
9971423
9971459
9971471
9971472
9971473
9971489
9971505
9971521
9971522
9971546
9971551
9971554
9971570
9971574
9971582
9971583
9971586
9971587
9971590
9971591
9971601
9971604
9971608
9971609
9971610
9971613
9971617
9971618
9971619
9971622
9971623
9971627
9971628
9971649
9971653
9971654
9971655
9971656
9971668
9971669
9971674
9971685
9971686
9971691
9971692
9971697
9971702
9971703
9971704
9971713
9971714
9971718
9971719
9971727
9971728
9971755
9971756
9971760
9971764
9971773
9971781
9971793
9971794
9971798
9971799
9971802
9971811
9971815
9971816
9971820
9971821
9971833
9971837
9971838
9971858
9971859
9971864
9971869
9971870
9971871
9971883
9971884
9971885
9971901
9971908
9971909
9971916
9971921
9971924
9971932
9971939
9971940
9971946
9971951
9971956
9971964
9971978
9971984
9971987
9971988
9971989
9972011
9972014
9972015
9972016
9972020
9972044
9972050
9972059
9972066
9972071
9972080
9972085
9972091
9972092
9972093
9972094
9972119
9972120
9972123
9972127
9972148
9972149
9972155
9972158
9972159
9972185
9972195
9972197
9972203
9972206
9972209
9972229
9972236
9972243
9972244
9972245
9972251
9972252
9972256
9972257
9972258
9972262
9972268
9972273
9972278
9972279
9972282
9972286
9972302
9972308
9972317
9972324
9972334
9972342
9972343
9972348
9972353
9972355
9972356
9972357
9972361
9972390
9972391
9972399
9972404
9972414
9972415
9972420
9972421
9972438
9972442
9972453
9972466
9972469
9972472
9972473
9972480
9972501
9972504
9972505
9972510
9972514
9972519
9972520
9972526
9972527
9972532
9972536
9972540
9972560
9972581
9972582
9972588
9972599
9972607
9972608
9972609
9972610
9972614
9972618
9972620
9972621
9972655
9972656
9972686
9972695
9972703
9972704
9972710
9972713
9972714
9972721
9972722
9972727
9972731
9972734
9972735
9972740
9972752
9972753
9972754
9972768
9972771
9972774
9972775
9972779
9972780
9972784
9972789
9972790
9972796
9972797
9972802
9972806
9972810
9972830
9972845
9972852
9972858
9972864
9972869
9972877
9972878
9972883
9972888
9972892
9972893
9972910
9972911
9972923
9972926
9972927
9972943
9972954
9972961
9972962
9972970
9972978
9972979
9972982
9972983
9972993
9972997
9972998
9972999
9973002
9973006
9973009
9973010
9973011
9973012
9973021
9973030
9973051
9973064
9973065
9973071
9973072
9973075
9973076
9973077
9973081
9973085
9973094
9973105
9973106
9973123
9973140
9973141
9973142
9973144
9973148
9973149
9973150
9973159
9973160
9973161
9973176
9973177
9973180
9973195
9973199
9973208
9973222
9973224
9973234
9973237
9973238
9973242
9973243
9973249
9973255
9973261
9973275
9973278
9973279
9973283
9973284
9973285
9973286
9973294
9973309
9973313
9973314
9973330
9973333
9973349
9973350
9973356
9973357
9973358
9973361
9973364
9973381
9973387
9973394
9973395
9973401
9973402
9973406
9973407
9973408
9973420
9973421
9973422
9973430
9973438
9973439
9973440
9973441
9973444
9973452
9973476
9973480
9973481
9973482
9973488
9973489
9973503
9973504
9973505
9973506
9973518
9973522
9973526
9973527
9973528
9973529
9973530
9973534
9973556
9973557
9973558
9973567
9973572
9973577
9973578
9973584
9973590
9973600
9973601
9973602
9973606
9973607
9973608
9973613
9973617
9973623
9973627
9973636
9973642
9973648
9973649
9973666
9973667
9973674
9973675
9973685
9973686
9973687
9973701
9973707
9973708
9973731
9973740
9973746
9973747
9973752
9973756
9973765
9973768
9973784
9973792
9973793
9973809
9973820
9973836
9973837
9973840
9973841
9973842
9973843
9973848
9973859
9973881
9973895
9973896
9973897
9973898
9973902
9973903
9973904
9973908
9973915
9973916
9973923
9973929
9973940
9973948
9973955
9973956
9973972
9973981
9973982
9973990
9973996
9974001
9974002
9974003
9974004
9974022
9974023
9974028
9974033
9974048
9974049
9974055
9974057
9974068
9974069
9974070
9974081
9974094
9974095
9974099
9974104
9974105
9974106
9974107
9974121
9974122
9974123
9974124
9974128
9974132
9974133
9974158
9974164
9974172
9974173
9974174
9974180
9974181
9974182
9974187
9974190
9974202
9974209
9974215
9974220
9974226
9974228
9974229
9974242
9974245
9974253
9974258
9974279
9974280
9974281
9974292
9974293
9974300
9974301
9974305
9974315
9974328
9974342
9974343
9974348
9974351
9974352
9974375
9974383
9974407
9974408
9974411
9974430
9974434
9974450
9974461
9974476
9974477
9974491
9974512
9974515
9974516
9974521
9974532
9974560
9974561
9974572
9974578
9974579
9974592
9974633
9974683
9974698
9974699
9974715
9974718
9974739
9974747
9974748
9974756
9974791
9974800
9974828
9974835
9974841
9974842
9974847
9974901
9974917
9974939
9974972
9974988
9974995
9975020
9975021
9975054
9975070
9975074
9975098
9975110
9975113
9975136
9975137
9975145
9975146
9975150
9975151
9975152
9975165
9975174
9975196
9975204
9975223
9975247
9975248
9975249
9975260
9975270
9975278
9975300
9975320
9975345
9975358
9975359
9975363
9975366
9975407
9975408
9975417
9975445
9975473
9975519
9975520
9975535
9975545
9975550
9975551
9975612
9975613
9975627
9975635
9975644
9975645
9975671
9975687
9975689
9975696
9975707
9975720
9975725
9975726
9975734
9975758
9975765
9975784
9975847
9975874
9975889
9975891
9975939
9975954
9975955
9975972
9975986
9975987
9975988
9976007
9976057
9976082
9976116
9976178
9976190
9976194
9976198
9976206
9976227
9976246
9976295
9976296
9976297
9976309
9976333
9976390
9976391
9976392
9976396
9976399
9976406
9976407
9976408
9976409
9976426
9976448
9976460
9976494
9976498
9976509
9976512
9976513
9976519
9976524
9976528
9976529
9976530
9976531
9976542
9976552
9976590
9976594
9976598
9976616
9976625
9976635
9976652
9976655
9976660
9976661
9976666
9976675
9976695
9976699
9976702
9976703
9976721
9976722
9976732
9976739
9976748
9976781
9976784
9976788
9976840
9976846
9976866
9976879
9976892
9976893
9976901
9976905
9976997
9977009
9977078
9977092
9977093
9977099
9977109
9977118
9977128
9977136
9977137
9977138
9977163
9977164
9977178
9977197
9977202
9977207
9977220
9977239
9977240
9977244
9977252
9977260
9977274
9977286
9977311
9977312
9977323
9977324
9977334
9977369
9977395
9977403
9977411
9977424
9977425
9977437
9977446
9977456
9977469
9977493
9977505
9977509
9977510
9977513
9977531
9977590
9977601
9977629
9977638
9977639
9977668
9977680
9977731
9977746
9977747
9977755
9977760
9977765
9977788
9977791
9977802
9977803
9977836
9977849
9977855
9977886
9977892
9977902
9977922
9977928
9977937
9977938
9977963
9977964
9977998
9978003
9978004
9978010
9978014
9978030
9978045
9978050
9978073
9978075
9978076
9978077
9978081
9978088
9978114
9978136
9978137
9978138
9978153
9978154
9978158
9978166
9978171
9978177
9978181
9978185
9978192
9978197
9978198
9978221
9978341
9978342
9978376
9978385
9978408
9978434
9978435
9978436
9978449
9978456
9978510
9978517
9978532
9978533
9978612
9978671
9978702
9978703
9978738
9978739
9978766
9978782
9978783
9978784
9978785
9978810
9978811
9978815
9978822
9978823
9978830
9978831
9978846
9978852
9978857
9978858
9978864
9978865
9978868
9978869
9978876
9978879
9978886
9978900
9978901
9978917
9978940
9978951
9978991
9978997
9979005
9979006
9979019
9979028
9979029
9979047
9979067
9979073
9979082
9979089
9979101
9979102
9979110
9979111
9979127
9979128
9979134
9979178
9979214
9979222
9979223
9979240
9979271
9979308
9979317
9979337
9979338
9979344
9979345
9979361
9979364
9979374
9979381
9979404
9979405
9979439
9979453
9979456
9979459
9979470
9979473
9979476
9979477
9979484
9979487
9979488
9979489
9979493
9979531
9979535
9979536
9979561
9979562
9979563
9979580
9979593
9979606
9979607
9979613
9979683
9979704
9979742
9979743
9979746
9979773
9979786
9979804
9979809
9979819
9979820
9979821
9979830
9979835
9979836
9979849
9979850
9979904
9979907
9979941
9979942
9979970
9979978
9980005
9980006
9980026
9980037
9980073
9980109
9980191
9980199
9980200
9980226
9980231
9980256
9980271
9980278
9980279
9980285
9980291
9980305
9980322
9980323
9980337
9980357
9980362
9980400
9980409
9980423
9980430
9980433
9980461
9980507
9980508
9980523
9980569
9980582
9980636
9980643
9980646
9980667
9980699
9980717
9980721
9980725
9980746
9980757
9980763
9980766
9980771
9980785
9980795
9980798
9980819
9980822
9980823
9980826
9980829
9980834
9980838
9980867
9980868
9980869
9980875
9980883
9980888
9980892
9980902
9980907
9980913
9980918
9980921
9980922
9980935
9980946
9980947
9980962
9980965
9980970
9980971
9980975
9981025
9981054
9981091
9981092
9981095
9981112
9981120
9981123
9981138
9981240
9981241
9981269
9981273
9981286
9981340
9981346
9981365
9981366
9981388
9981416
9981434
9981478
9981529
9981532
9981533
9981574
9981603
9981642
9981647
9981648
9981649
9981721
9981730
9981764
9981765
9981851
9981863
9981877
9981924
9981954
9981966
9981986
9982066
9982067
9982068
9982069
9982078
9982081
9982096
9982097
9982108
9982113
9982122
9982136
9982137
9982141
9982151
9982155
9982159
9982160
9982174
9982175
9982176
9982177
9982220
9982223
9982230
9982238
9982251
9982252
9982260
9982263
9982264
9982267
9982277
9982278
9982282
9982291
9982310
9982313
9982323
9982327
9982346
9982347
9982406
9982409
9982421
9982427
9982428
9982443
9982464
9982529
9982538
9982563
9982564
9982593
9982615
9982616
9982650
9982687
9982716
9982717
9982721
9982722
9982770
9982779
9982819
9982826
9982836
9982837
9982891
9982900
9982929
9982949
9982965
9982987
9983027
9983050
9983077
9983092
9983251
9983281
9983286
9983289
9983311
9983322
9983331
9983347
9983366
9983401
9983406
9983423
9983429
9983430
9983433
9983441
9983454
9983474
9983480
9983488
9983500
9983522
9983591
9983648
9983662
9983693
9983696
9983700
9983714
9983792
9983851
9983918
9983919
9983954
9983955
9983979
9983980
9984018
9984093
9984105
9984154
9984231
9984232
9984240
9984247
9984253
9984275
9984330
9984419
9984427
9984428
9984450
9984454
9984461
9984482
9984500
9984508
9984554
9984608
9984616
9984620
9984722
9984726
9984777
9984795
9984812
9984835
9984865
9984869
9984934
9984950
9984951
9984960
9984963
9984972
9984996
9985003
9985010
9985011
9985110
9985158
9985192
9985204
9985205
9985214
9985231
9985238
9985302
9985332
9985393
9985413
9985421
9985435
9985453
9985469
9985470
9985471
9985499
9985500
9985505
9985523
9985524
9985533
9985549
9985574
9985577
9985600
9985611
9985622
9985623
9985639
9985660
9985671
9985676
9985680
9985698
9985749
9985780
9985788
9985809
9985819
9985827
9985840
9985841
9985852
9985870
9985875
9985887
9985907
9985908
9985924
9985932
9985947
9985961
9985968
9985989
9986015
9986017
9986041
9986049
9986061
9986067
9986073
9986091
9986122
9986157
9986192
9986215
9986216
9986225
9986246
9986252
9986253
9986256
9986260
9986271
9986293
9986330
9986380
9986447
9986475
9986533
9986546
9986550
9986551
9986557
9986560
9986561
9986568
9986590
9986591
9986592
9986599
9986600
9986601
9986606
9986607
9986618
9986624
9986625
9986629
9986635
9986654
9986655
9986666
9986670
9986674
9986679
9986680
9986681
9986682
9986690
9986700
9986701
9986702
9986703
9986715
9986725
9986729
9986735
9986747
9986753
9986765
9986770
9986775
9986776
9986796
9986799
9986820
9986827
9986865
9986866
9986873
9986874
9986890
9986897
9986898
9986899
9986908
9986928
9986937
9986941
9986990
9986991
9986992
9987011
9987012
9987017
9987018
9987019
9987020
9987021
9987029
9987040
9987041
9987055
9987056
9987069
9987070
9987076
9987081
9987086
9987087
9987090
9987099
9987100
9987105
9987117
9987120
9987129
9987134
9987135
9987136
9987147
9987148
9987149
9987156
9987160
9987185
9987191
9987192
9987196
9987202
9987208
9987229
9987240
9987242
9987256
9987267
9987276
9987288
9987289
9987292
9987294
9987295
9987304
9987319
9987324
9987325
9987349
9987353
9987364
9987366
9987367
9987372
9987399
9987403
9987404
9987418
9987455
9987458
9987484
9987485
9987490
9987493
9987499
9987502
9987529
9987530
9987531
9987535
9987538
9987592
9987598
9987602
9987614
9987623
9987626
9987632
9987638
9987653
9987656
9987665
9987671
9987683
9987684
9987693
9987717
9987727
9987728
9987729
9987735
9987736
9987746
9987748
9987770
9987771
9987778
9987797
9987802
9987813
9987824
9987827
9987833
9987836
9987844
9987854
9987865
9987874
9987897
9987909
9987910
9987911
9987921
9987922
9987929
9987933
9987934
9987938
9987946
9987947
9987950
9987954
9987957
9987963
9987972
9987973
9987974
9987979
9987982
9987983
9987984
9987998
9987999
9988000
9988001
9988004
9988018
9988051
9988070
9988071
9988072
9988076
9988077
9988097
9988098
9988099
9988103
9988104
9988107
9988110
9988111
9988125
9988126
9988127
9988131
9988135
9988140
9988144
9988157
9988158
9988169
9988205
9988220
9988221
9988237
9988243
9988247
9988250
9988262
9988278
9988285
9988301
9988308
9988314
9988320
9988321
9988329
9988330
9988331
9988336
9988342
9988343
9988350
9988367
9988372
9988373
9988379
9988385
9988409
9988411
9988420
9988421
9988422
9988423
9988424
9988442
9988449
9988467
9988470
9988473
9988474
9988477
9988502
9988503
9988504
9988507
9988516
9988518
9988547
9988550
9988551
9988557
9988562
9988563
9988573
9988584
9988590
9988591
9988604
9988605
9988621
9988624
9988625
9988626
9988627
9988639
9988645
9988653
9988654
9988665
9988684
9988699
9988704
9988723
9988731
9988734
9988744
9988745
9988746
9988751
9988757
9988758
9988772
9988773
9988780
9988781
9988796
9988806
9988811
9988812
9988829
9988830
9988844
9988845
9988846
9988859
9988864
9988865
9988866
9988881
9988882
9988908
9988916
9988939
9988940
9988959
9988962
9988977
9988982
9989004
9989011
9989012
9989013
9989018
9989021
9989033
9989034
9989046
9989051
9989064
9989068
9989069
9989070
9989072
9989073
9989076
9989085
9989088
9989089
9989190
9989218
9989248
9989251
9989314
9989335
9989343
9989344
9989370
9989388
9989389
9989417
9989418
9989435
9989451
9989454
9989460
9989464
9989473
9989487
9989510
9989548
9989554
9989570
9989589
9989623
9989643
9989670
9989671
9989683
9989684
9989693
9989694
9989713
9989724
9989725
9989726
9989732
9989759
9989768
9989774
9989783
9989793
9989815
9989816
9989821
9989822
9989858
9989870
9989880
9989881
9989893
9990062
9990067
9990073
9990085
9990087
9990096
9990115
9990124
9990125
9990132
9990136
9990137
9990141
9990153
9990162
9990163
9990170
9990177
9990200
9990201
9990202
9990205
9990211
9990233
9990246
9990258
9990263
9990316
9990320
9990327
9990352
9990386
9990392
9990400
9990465
9990470
9990504
9990505
9990508
9990520
9990521
9990530
9990533
9990540
9990544
9990545
9990546
9990547
9990557
9990558
9990563
9990564
9990589
9990591
9990592
9990593
9990607
9990608
9990610
9990611
9990615
9990619
9990627
9990630
9990638
9990663
9990664
9990681
9990691
9990703
9990706
9990715
9990724
9990727
9990728
9990737
9990746
9990750
9990753
9990759
9990760
9990768
9990769
9990775
9990791
9990792
9990809
9990820
9990867
9990894
9990895
9990902
9990911
9990915
9990946
9990947
9990948
9990949
9990950
9990951
9990966
9990970
9990971
9990984
9990990
9990991
9991012
9991013
9991014
9991015
9991040
9991041
9991044
9991049
9991050
9991051
9991052
9991063
9991074
9991084
9991086
9991113
9991132
9991135
9991136
9991165
9991166
9991170
9991182
9991191
9991199
9991203
9991208
9991222
9991229
9991255
9991270
9991278
9991289
9991293
9991298
9991299
9991312
9991331
9991349
9991350
9991368
9991383
9991392
9991413
9991426
9991427
9991439
9991440
9991484
9991503
9991519
9991543
9991544
9991547
9991548
9991549
9991550
9991577
9991578
9991590
9991591
9991597
9991603
9991604
9991605
9991635
9991636
9991643
9991647
9991648
9991649
9991663
9991664
9991665
9991668
9991681
9991692
9991719
9991739
9991755
9991758
9991766
9991770
9991771
9991777
9991782
9991783
9991784
9991785
9991806
9991832
9991863
9991882
9991883
9991908
9991909
9991916
9991917
9991930
9991941
9991942
9991970
9991971
9991972
9992002
9992012
9992013
9992045
9992059
9992083
9992133
9992134
9992162
9992175
9992196
9992197
9992240
9992241
9992258
9992262
9992263
9992266
9992271
9992281
9992282
9992285
9992289
9992293
9992323
9992328
9992334
9992357
9992386
9992404
9992422
9992423
9992441
9992460
9992472
9992548
9992610
9992656
9992689
9992702
9992703
9992720
9992735
9992737
9992752
9992771
9992778
9992782
9992791
9992792
9992793
9992794
9992883
9992884
9992896
9992920
9992929
9992998
9992999
9993000
9993024
9993025
9993072
9993091
9993108
9993125
9993164
9993242
9993243
9993250
9993251
9993273
9993298
9993314
9993347
9993360
9993372
9993405
9993410
9993411
9993416
9993425
9993441
9993444
9993447
9993466
9993474
9993475
9993486
9993492
9993501
9993508
9993517
9993518
9993525
9993526
9993527
9993544
9993545
9993552
9993553
9993635
9993642
9993668
9993692
9993697
9993707
9993725
9993765
9993769
9993775
9993778
9993786
9993805
9993815
9993845
9993846
9993869
9993880
9993881
9993897
9993898
9993899
9993900
9993910
9993911
9993914
9993917
9993918
9993921
9993922
9993925
9993928
9993929
9993934
9993955
9993956
9993962
9993963
9993973
9993999
9994000
9994001
9994002
9994018
9994031
9994043
9994044
9994045
9994069
9994079
9994184
9994185
9994198
9994234
9994235
9994240
9994242
9994259
9994260
9994276
9994347
9994348
9994415
9994427
9994436
9994441
9994442
9994457
9994481
9994506
9994538
9994551
9994558
9994570
9994571
9994577
9994598
9994603
9994617
9994643
9994662
9994663
9994666
9994667
9994685
9994696
9994719
9994720
9994721
9994812
9994822
9994823
9994902
9994903
9994909
9994920
9994937
9994961
9994966
9994967
9994978
9994981
9994997
9995003
9995004
9995007
9995011
9995016
9995051
9995086
9995089
9995093
9995098
9995125
9995170
9995181
9995211
9995223
9995226
9995300
9995319
9995342
9995394
9995420
9995445
9995547
9995553
9995566
9995577
9995579
9995580
9995581
9995591
9995604
9995635
9995644
9995653
9995668
9995682
9995683
9995691
9995695
9995704
9995705
9995708
9995709
9995710
9995711
9995727
9995728
9995730
9995741
9995742
9995745
9995768
9995769
9995782
9995822
9995827
9995835
9995838
9995839
9995844
9995848
9995852
9995862
9995869
9995896
9995897
9995904
9995905
9995914
9995915
9995932
9995951
9995962
9995963
9996021
9996032
9996050
9996051
9996052
9996139
9996159
9996209
9996210
9996218
9996232
9996238
9996251
9996252
9996259
9996260
9996288
9996299
9996337
9996379
9996380
9996393
9996415
9996421
9996445
9996451
9996573
9996613
9996685
9996694
9996707
9996711
9996718
9996754
9996755
9996756
9996763
9996766
9996779
9996780
9996787
9996790
9996791
9996829
9996840
9996844
9996858
9996891
9996944
9996967
9997011
9997012
9997030
9997031
9997033
9997058
9997066
9997088
9997110
9997172
9997173
9997197
9997201
9997229
9997243
9997244
9997250
9997251
9997254
9997269
9997275
9997286
9997287
9997288
9997340
9997365
9997369
9997395
9997415
9997454
9997456
9997485
9997501
9997502
9997518
9997519
9997548
9997552
9997587
9997613
9997634
9997635
9997655
9997717
9997756
9997781
9997793
9997805
9997815
9997817
9997826
9997827
9997839
9997843
9997848
9997880
9997881
9997899
9997921
9997929
9997949
9997950
9997962
9997963
9997998
9998007
9998008
9998058
9998059
9998093
9998113
9998121
9998122
9998127
9998170
9998174
9998186
9998189
9998200
9998208
9998291
9998323
9998341
9998342
9998374
9998387
9998423
9998434
9998438
9998446
9998447
9998451
9998452
9998476
9998551
9998552
9998559
9998560
9998594
9998600
9998607
9998617
9998618
9998629
9998636
9998637
9998640
9998644
9998645
9998664
9998679
9998687
9998693
9998703
9998709
9998728
9998735
9998737
9998741
9998742
9998760
9998774
9998798
9998808
9998809
9998822
9998837
9998838
9998841
9998842
9998856
9998864
9998901
9998923
9998941
9998942
9998950
9998953
9998957
9998958
9998959
9998965
9999026
9999062
9999086
9999087
9999100
9999106
9999140
9999203
9999223
9999231
9999232
9999239
9999240
9999260
9999261
9999286
9999287
9999299
9999324
9999332
9999349
9999367
9999368
9999371
9999383
9999389
9999393
9999401
9999426
9999427
9999437
9999464
9999512
9999513
9999514
9999525
9999555
9999562
9999596
9999599
9999623
9999632
9999652
9999656
9999661
9999706
9999707
9999708
9999720
9999737
9999738
9999752
9999761
9999780
9999781
9999786
9999795
9999796
9999812
9999826
9999840
9999841
9999847
9999860
9999861
9999889
9999917
9999925
9999926
9999927
9999977
9999988
9999989
10000000
10000045
10000046
10000050
10000065
10000071
10000087
10000095
10000116
10000117
10000118
10000126
10000127
10000169
10000173
10000191
10000200
10000236
10000250
10000266
10000270
10000275
10000276
10000282
10000302
10000303
10000309
10000322
10000326
10000327
10000331
10000334
10000370
10000406
10000410
10000424
10000425
10000461
10000462
10000463
10000464
10000465
10000479
10000487
10000488
10000500
10000501
10000504
10000535
10000536
10000540
10000545
10000549
10000557
10000561
10000562
10000576
10000588
10000593
10000618
10000619
10000620
10000635
10000648
10000663
10000680
10000681
10000685
10000694
10000698
10000699
10000700
10000708
10000712
10000720
10000735
10000743
10000746
10000753
10000768
10000787
10000792
10000807
10000808
10000820
10000900
10000907
10000915
10000931
10000984
10001015
10001041
10001064
10001074
10001075
10001099
10001102
10001115
10001116
10001129
10001149
10001163
10001176
10001190
10001221
10001225
10001236
10001237
10001245
10001250
10001260
10001266
10001269
10001272
10001277
10001285
10001292
10001302
10001315
10001321
10001322
10001334
10001344
10001350
10001363
10001367
10001376
10001377
10001378
10001379
10001395
10001420
10001440
10001455
10001456
10001457
10001469
10001477
10001487
10001492
10001500
10001514
10001544
10001553
10001559
10001569
10001570
10001576
10001577
10001578
10001581
10001582
10001585
10001592
10001596
10001606
10001616
10001626
10001627
10001628
10001629
10001636
10001637
10001640
10001646
10001647
10001655
10001663
10001664
10001665
10001666
10001671
10001672
10001681
10001684
10001693
10001694
10001703
10001704
10001721
10001722
10001733
10001734
10001748
10001756
10001757
10001781
10001782
10001783
10001789
10001792
10001793
10001794
10001798
10001799
10001805
10001814
10001815
10001819
10001820
10001826
10001827
10001828
10001845
10001853
10001854
10001855
10001862
10001879
10001880
10001884
10001885
10001896
10001897
10001907
10001908
10001909
10001917
10001926
10001927
10001946
10001949
10001952
10001953
10001966
10001967
10001970
10001973
10001985
10001993
10001999
10002002
10002006
10002007
10002012
10002023
10002032
10002036
10002037
10002038
10002039
10002042
10002056
10002057
10002084
10002085
10002088
10002089
10002090
10002102
10002108
10002123
10002124
10002132
10002135
10002138
10002139
10002141
10002142
10002150
10002155
10002162
10002165
10002166
10002178
10002179
10002180
10002185
10002189
10002190
10002191
10002214
10002219
10002223
10002226
10002232
10002233
10002234
10002251
10002266
10002273
10002274
10002281
10002282
10002285
10002286
10002300
10002304
10002305
10002309
10002310
10002311
10002312
10002316
10002332
10002335
10002336
10002342
10002346
10002354
10002369
10002370
10002387
10002388
10002389
10002401
10002408
10002409
10002416
10002420
10002421
10002426
10002431
10002442
10002443
10002448
10002449
10002450
10002464
10002470
10002491
10002497
10002500
10002512
10002513
10002520
10002524
10002529
10002530
10002546
10002547
10002550
10002559
10002574
10002575
10002578
10002599
10002600
10002603
10002613
10002615
10002621
10002629
10002630
10002633
10002638
10002672
10002673
10002687
10002692
10002696
10002706
10002728
10002737
10002741
10002742
10002753
10002756
10002769
10002770
10002781
10002797
10002805
10002809
10002837
10002838
10002839
10002845
10002853
10002854
10002862
10002877
10002886
10002890
10002891
10002918
10002926
10002930
10002931
10002938
10002954
10002972
10002974
10002975
10002980
10002983
10002984
10003038
10003039
10003067
10003086
10003087
10003091
10003100
10003107
10003109
10003113
10003114
10003116
10003134
10003151
10003160
10003161
10003173
10003174
10003177
10003178
10003182
10003185
10003231
10003240
10003241
10003327
10003345
10003346
10003371
10003379
10003380
10003390
10003391
10003394
10003395
10003396
10003401
10003404
10003405
10003408
10003409
10003410
10003413
10003420
10003421
10003422
10003437
10003438
10003439
10003443
10003450
10003473
10003474
10003477
10003490
10003501
10003502
10003503
10003504
10003505
10003506
10003507
10003508
10003526
10003546
10003566
10003586
10003599
10003618
10003619
10003627
10003689
10003710
10003718
10003732
10003739
10003770
10003785
10003790
10003791
10003795
10003800
10003824
10003837
10003867
10003870
10003879
10003930
10003975
10003976
10003983
10003990
10003994
10004000
10004016
10004025
10004028
10004029
10004032
10004035
10004040
10004041
10004044
10004093
10004103
10004108
10004117
10004129
10004133
10004134
10004161
10004164
10004169
10004173
10004174
10004221
10004248
10004253
10004271
10004295
10004312
10004328
10004343
10004375
10004385
10004393
10004405
10004411
10004421
10004447
10004454
10004469
10004470
10004500
10004516
10004520
10004536
10004546
10004547
10004556
10004575
10004583
10004586
10004592
10004599
10004629
10004638
10004650
10004654
10004655
10004665
10004669
10004685
10004686
10004687
10004707
10004708
10004709
10004728
10004729
10004741
10004742
10004743
10004754
10004755
10004756
10004775
10004778
10004779
10004790
10004798
10004821
10004822
10004858
10004875
10004888
10004890
10004894
10004895
10004896
10004897
10004904
10004928
10004932
10004993
10004994
10004995
10005012
10005018
10005032
10005045
10005048
10005049
10005055
10005076
10005105
10005112
10005122
10005139
10005176
10005177
10005185
10005192
10005193
10005194
10005198
10005199
10005207
10005208
10005237
10005238
10005239
10005290
10005291
10005297
10005317
10005328
10005331
10005336
10005351
10005352
10005353
10005356
10005357
10005358
10005359
10005360
10005394
10005407
10005408
10005436
10005443
10005463
10005481
10005484
10005497
10005514
10005518
10005519
10005543
10005544
10005553
10005562
10005576
10005584
10005585
10005596
10005618
10005625
10005626
10005627
10005643
10005726
10005733
10005743
10005758
10005772
10005794
10005802
10005845
10005877
10005878
10005879
10005914
10005923
10005936
10005960
10005974
10005978
10005984
10005992
10005993
10006002
10006007
10006019
10006020
10006026
10006051
10006056
10006057
10006062
10006066
10006105
10006115
10006145
10006151
10006159
10006178
10006203
10006210
10006214
10006231
10006251
10006257
10006269
10006270
10006271
10006283
10006288
10006293
10006294
10006312
10006335
10006338
10006344
10006352
10006353
10006356
10006366
10006370
10006371
10006372
10006378
10006384
10006385
10006408
10006409
10006410
10006416
10006429
10006486
10006505
10006512
10006513
10006531
10006559
10006563
10006687
10006692
10006724
10006725
10006726
10006729
10006730
10006731
10006732
10006733
10006755
10006774
10006782
10006792
10006793
10006809
10006813
10006821
10006825
10006828
10006857
10006858
10006859
10006860
10006861
10006864
10006893
10006894
10006924
10006934
10006959
10006960
10006986
10006998
10007005
10007006
10007013
10007029
10007040
10007045
10007069
10007072
10007119
10007135
10007146
10007161
10007176
10007193
10007197
10007198
10007219
10007245
10007252
10007308
10007342
10007368
10007410
10007417
10007441
10007447
10007448
10007502
10007503
10007516
10007538
10007548
10007563
10007605
10007644
10007680
10007686
10007696
10007697
10007703
10007738
10007745
10007769
10007823
10007826
10007830
10007831
10007841
10007849
10007856
10007864
10007865
10007866
10007878
10007952
10007953
10007964
10007998
10008011
10008012
10008029
10008074
10008111
10008120
10008142
10008143
10008171
10008172
10008187
10008204
10008205
10008210
10008218
10008219
10008241
10008246
10008253
10008268
10008274
10008288
10008289
10008300
10008306
10008352
10008353
10008354
10008363
10008364
10008365
10008395
10008398
10008519
10008524
10008567
10008594
10008599
10008617
10008647
10008668
10008669
10008727
10008738
10008745
10008783
10008792
10008863
10008891
10008892
10008893
10008894
10008901
10008911
10008990
10008991
10008995
10009015
10009043
10009049
10009074
10009103
10009114
10009125
10009131
10009155
10009158
10009169
10009196
10009203
10009204
10009317
10009349
10009359
10009388
10009389
10009390
10009417
10009432
10009433
10009450
10009455
10009506
10009509
10009530
10009553
10009576
10009602
10009605
10009611
10009614
10009628
10009647
10009665
10009672
10009677
10009678
10009680
10009692
10009708
10009735
10009752
10009753
10009754
10009757
10009761
10009775
10009784
10009787
10009795
10009860
10009916
10009924
10009939
10009976
10010007
10010029
10010072
10010103
10010107
10010119
10010142
10010149
10010184
10010188
10010193
10010203
10010204
10010205
10010240
10010268
10010307
10010314
10010336
10010403
10010433
10010434
10010469
10010470
10010474
10010478
10010481
10010507
10010511
10010517
10010527
10010543
10010548
10010558
10010668
10010688
10010694
10010710
10010713
10010747
10010751
10010754
10010777
10010781
10010785
10010797
10010808
10010814
10010823
10010824
10010825
10010840
10010870
10010873
10010895
10010911
10010919
10010922
10010938
10010939
10010940
10010944
10010964
10010973
10010974
10010989
10010990
10011009
10011040
10011047
10011048
10011068
10011071
10011088
10011097
10011104
10011115
10011147
10011155
10011162
10011186
10011192
10011226
10011243
10011307
10011324
10011325
10011419
10011440
10011441
10011450
10011455
10011460
10011483
10011486
10011493
10011524
10011535
10011536
10011546
10011566
10011597
10011628
10011650
10011691
10011702
10011703
10011721
10011722
10011734
10011735
10011750
10011762
10011814
10011818
10011851
10011974
10011980
10011987
10012182
10012183
10012188
10012195
10012226
10012231
10012239
10012270
10012275
10012278
10012279
10012288
10012292
10012306
10012326
10012361
10012384
10012440
10012448
10012595
10012596
10012611
10012656
10012657
10012726
10012736
10012746
10012780
10012787
10012791
10012803
10012915
10012925
10012959
10012960
10012979
10013060
10013100
10013112
10013117
10013163
10013181
10013222
10013233
10013246
10013250
10013295
10013320
10013404
10013410
10013436
10013454
10013455
10013487