chrX
48603675
48603695
48603698
48603715
48603716
48603725
48603750
48603755
48603756
48603760
48603775
48603778
48603784
48603785
48603919
48603966
48603975
48604545
48604557
48604562
48604574
48604640
48604652
48604653
48604785
48604828
48604872
48605024
48605173
48605174
48605176
48605177
48605181
48605182
48605194
48605195
48605204
48605294
48605311
48605329
48605364
48605427
48605437
48605438
48605465
48605469
48605483
48605827
48605832
48605847
48605854
48605861
48605866
48605867
48605868
48605875
48605881
48605884
48605888
48605889
48605892
48605893
48605928
48605929
48605963
48605964
48605976
48605977
48605983
48605985
48605986
48605990
48605991
48605992
48606010
48606013
48606035
48606046
48606073
48606074
48606075
48606084
48606087
48606088
48606092
48606093
48606093
48606094
48606094
48606095
48606103
48606105
48606119
48606132
48606136
48606145
48606176
48606177
48606178
48606183
48606189
48606190
48606191
48606254
48606255
48606259
48606271
48606272
48606274
48606281
48606284
48606285
48606292
48606293
48606327
48606328
48606333
48606334
48606335
48606336
48606344
48606369
48606379
48606386
48606387
48606388
48606392
48606402
48606414
48606421
48606422
48606423
48606434
48606435
48606443
48606444
48606450
48606477
48606478
48606479
48606497
48606498
48606504
48606507
48606514
48606519
48606520
48606521
48606543
48606544
48606544
48606548
48606549
48606550
48606854
48606938
48606942
48606954
48607010
48607011
48607012
48607013
48607023
48607037
48607048
48607049
48607061
48607062
48607066
48607067
48607067
48607068
48607069
48607075
48607082
48607086
48607097
48607113
48607130
48607155
48607156
48607188
48607189
48607194
48607197
48607223
48607233
48607239
48607277
48607287
48607288
48607308
48607309
48607310
48607324
48607325
48607326
48607328
48607331
48607332
48607667
48607668
48607669
48607672
48607682
48607721
48607729
48607747
48607752
48607757
48607761
48607762
48607773
48607822
48607827
48607849
48607860
48607864
48607868
48607904
48608255
48608256
48608276
48608764
48608771
48608779
48608785
48608859
48608875
48608888
48608978
48609119
48609124
48609849
48609850
48609942
48609944
48609945
48609955
48610168
48610171
48610172
48610181
48610182
48610198
48610198
48610207
48610210
48610216
48610216
48610221
48610222
48610224
48610225
48610231
48610236
48610251
48610263
48610278
48610280
48610287
48610290
48610294
48610295
48610296
48610306
48610311
48610348
48610369
48610399
48610410
48610421
48610427
48610457
48610466
48610467
48610481
48610487
48610492
48610505
48610505
48610515
48610521
48610522
48610524
48610535
48610549
48610550
48610550
48610556
48610563
48610564
48610566
48610567
48610568
48610571
48610578
48610585
48610588
48610606
48610609
48610611
48610617
48610620
48610626
48610632
48610639
48610640
48610646
48610647
48610650
48610667
48610675
48610678
48610682
48610687
48610688
48610696
48610705
48610723
48610724
48610739
48610740
48610743
48610760
48610776
48610794
48610808
48610814
48610818
48610819
48610828
48610860
48610861
48610870
48610881
48610891
48610893
48610894
48610895
48610896
48610902
48610911
48610918
48610927
48610931
48610935
48610938
48610947
48610948
48610958
48610961
48610962
48610965
48610984
48610985
48611007
48611040
48611048
48611056
48611057
48611067
48611068
48611069
48611074
48611075
48611082
48611082
48611083
48611083
48611084
48611087
48611088
48611098
48611102
48611141
48611178
48611179
48611191
48611192
48611204
48611211
48611212
48611214
48611224
48611230
48611242
48611263
48611280
48611310
48611311
48611323
48611328
48611335
48611338
48611348
48611375
48611376
48611385
48611388
48611394
48611428
48611437
48611442
48611443
48611450
48611458
48611479
48611537
48611544
48611556
48611557
48611564
48611565
48611579
48611583
48611584
48611597
48611612
48611615
48611618
48611622
48611628
48611680
48611681
48611694
48611695
48611735
48611736
48611737
48611738
48611739
48611755
48611770
48611781
48611781
48611782
48611783
48611785
48611786
48611787
48611800
48611801
48611802
48611811
48611812
48611817
48611844
48611845
48611847
48611848
48611849
48611864
48611865
48611866
48611876
48611883
48611902
48611917
48611918
48611931
48611932
48611932
48611933
48611936
48611963
48611968
48611969
48611970
48611989
48611995
48611996
48612002
48612015
48612016
48612017
48612026
48612030
48612033
48612049
48612057
48612061
48612063
48612076
48612077
48612078
48612113
48612114
48612117
48612118
48612119
48612120
48612132
48612133
48612148
48612149
48612150
48612151
48612152
48612164
48612165
48612166
48612177
48612182
48612183
48612187
48612193
48612194
48612197
48612198
48612213
48612214
48612229
48612241
48612242
48612243
48612253
48612258
48612273
48612274
48612285
48612286
48612291
48612304
48612305
48612312
48612315
48612316
48612317
48612337
48612348
48612354
48612355
48612368
48612368
48612369
48612378
48612379
48612389
48612398
48612409
48612410
48612411
48612428
48612429
48612430
48612462
48612507
48612507
48612517
48612526
48612532
48612538
48612539
48612539
48612540
48612541
48612542
48612543
48612558
48612559
48612560
48612571
48612575
48612576
48612577
48612580
48612601
48612601
48612602
48612603
48612607
48612631
48612635
48612638
48612639
48612662
48612664
48612665
48612670
48612671
48612672
48612673
48612682
48612683
48612684
48612685
48612688
48612694
48612695
48612701
48612714
48612715
48612731
48612746
48612747
48612748
48612765
48612788
48612795
48612796
48612797
48612798
48612801
48612810
48612814
48612828
48612830
48612841
48612842
48612843
48612847
48612848
48612863
48612864
48612868
48612874
48612878
48612881
48612886
48612894
48612895
48612896
48612907
48612908
48612913
48612927
48612928
48612940
48612943
48612944
48612945
48612958
48612970
48612976
48612990
48612991
48612992
48613002
48613002
48613009
48613018
48613027
48613028
48613039
48613040
48613060
48613060
48613061
48613080
48613081
48613084
48613085
48613092
48613099
48613113
48613114
48613123
48613124
48613127
48613128
48613129
48613161
48613176
48613177
48613178
48613187
48613194
48613195
48613196
48613197
48613208
48613209
48613210
48613227
48613242
48613252
48613255
48613264
48613276
48613292
48613293
48613294
48613306
48613307
48613317
48613318
48613321
48613324
48613337
48613370
48613371
48613372
48613381
48613387
48613388
48613389
48613402
48613412
48613414
48613417
48613418
48613419
48613448
48613479
48613507
48613533
48613536
48613541
48613547
48613548
48613549
48613549
48613550
48613564
48613572
48613584
48613608
48613609
48613611
48613616
48613617
48613620
48613626
48613648
48613649
48613655
48613656
48613657
48613668
48613676
48613692
48613693
48613694
48613705
48613726
48613727
48613770
48613774
48613775
48613778
48613779
48613786
48613787
48613814
48613837
48613838
48613839
48613840
48613841
48613842
48613842
48613845
48613846
48613847
48613850
48613884
48613901
48613917
48613950
48613951
48613952
48613954
48613955
48613958
48613959
48613960
48613961
48613992
48614031
48614402
48614407
48614418
48614443
48614447
48614450
48614451
48614504
48614521
48614524
48614553
48614561
48614572
48614573
48614574
48614591
48614594
48614595
48614601
48614605
48614614
48614621
48614622
48614714
48614735
48614747
48614750
48614768
48614780
48614836
48614837
48614845
48614850
48614890
48614891
48614896
48614901
48614906
48614907
48614932
48614940
48614949
48614953
48614957
48614986
48614987
48614987
48615005
48615025
48615028
48615029
48615033
48615051
48615119
48615120
48615205
48615529
48615534
48615601
48615609
48615759
48615766
48615824
48615854
48615862
48615874
48616142
48616149
48616150
48616151
48616152
48616153
48616197
48616198
48616226
48616227
48616298
48616299
48616376
48616557
48616600
48616619
48616626
48616629
48616637
48616638
48616644
48616663
48616669
48616678
48616693
48616693
48616694
48616699
48616700
48616705
48616713
48616715
48616725
48616803
48616823
48616836
48616924
48616942
48616967
48616968
48616969
48616970
48616980
48616993
48616994
48616995
48616998
48617041
48617042
48617061
48617062
48617070
48617071
48617112
48617115
48617126
48617152
48617153
48617164
48617165
48617178
48617184
48617185
48617200
48617235
48617260
48617264
48617268
48617273
48617279
48617280
48617613
48617613
48617614
48617618
48617624
48617631
48617632
48617634
48617726
48617731
48617827
48617828
48617835
48617839
48617843
48617857
48617889
48617918
48617919
48617964
48617966
48617967
48617968
48617969
48617989
48617990
48617993
48617994
48617995
48617996
48618006
48618010
48618026
48618027
48618037
48618038
48618039
48618040
48618081
48618095
48618104
48618105
48618117
48618121
48618146
48618152
48618156
48618157
48618158
48618163
48618163
48618164
48618164
48618165
48618165
48618211
48618324
48618533
48618534
48618540
48618566
48618608
48618612
48618673
48618678
48618826
48618827
48618834
48618912
48618913
48618913
48618914
48618915
48618953
48618954
48618955
48618974
48618976
48618977
48618983
48618984
48618985
48618986
48618993
48618999
48619000
48619019
48619020
48619051
48619055
48619060
48619061
48619139
48619154
48619155
48619174
48619175
48619462
48619463
48619468
48619471
48619481
48619486
48619487
48619494
48619499
48619516
48619517
48619534
48619605
48619631
48619638
48619650
48619668
48619671
48619679
48619680
48619681
48619994
48619995
48620023
48620024
48620036
48620061
48620062
48620082
48620086
48620098
48620102
48620114
48620115
48620122
48620134
48620135
48620138
48620138
48620139
48620144
48620148
48620149
48620150
48620152
48620159
48620160
48620161
48620164
48620171
48620171
48620172
48620191
48620192
48620206
48620210
48620211
48620215
48620215
48620232
48620233
48620233
48620234
48620235
48620236
48620239
48620244
48620246
48620255
48620267
48620274
48620275
48620276
48620282
48620283
48620284
48620289
48620290
48620293
48620294
48620295
48620308
48620342
48620349
48620350
48620387
48620388
48620389
48620390
48620411
48620416
48620425
48620426
48620429
48620432
48620433
48620437
48620438
48620446
48620449
48620454
48620455
48620459
48620460
48620460
48620486
48620499
48620500
48620505
48620505
48620508
48620508
48620509
48620510
48620511
48620520
48620521
48620524
48620534
48620535
48620561
48620563
48620564
48620565
48620566
48620569
48620576
48620581
48620587
48620609
48620614
48620621
48620624
48620631
48620642
48620643
48620644
48620650
48620651
48620652
48620656
48620660
48620666
48620671
48620691
48620694
48620701
48620704
48620706
48620707
48620720
48620722
48620723
48620738
48620739
48620744
48620801
48620806
48620843
48621156
48621157
48621162
48621212
48621220
48621223
48621245
48621250
48621255
48621256
48621259
48621276
48621302
48621306
48621323
48621327
48621328
48621331
48621337
48621353
48621359
48621360
48621361
48621361
48621377
48621381
48621382
48621398
48621399
48621402
48621408
48621411
48621451
48621552
48621552
48621553
48621570
48621589
48621615
48621746
48621758
48621759
48621790
48621799
48621800
48621804
48621805
48622066
48622171
48622185
48622207
48622218
48622225
48622269
48622281
48622336
48622345
48622360
48622405
48622480
48622491
48622492
48622535
48622536
48622537
48622614
48622627
48622629
48622636
48622637
48622640
48622651
48622657
48622664
48622678
48622694
48622700
48622713
48622714
48622729
48622940
48623018
48623019
48623027
48623089
48623105
48623124
48623125
48623252
48623255
48623287
48623288
48623293
48623302
48623307
48623366
48623367
48623380
48623381
48623419
48623420
48623428
48623431
48623434
48623437
48623438
48623474
48623475
48623482
48623503
48623505
48623519
48623520
48623525
48623528
48623529
48623557
48623562
48623563
48623571
48623592
48623613
48623614
48623624
48623625
48623628
48623629
48623640
48623668
48623669
48623674
48623674
48623675
48623676
48623681
48623682
48624035
48624041
48624052
48624053
48624074
48624075
48624090
48624108
48624114
48624124
48624125
48624126
48624127
48624128
48624133
48624134
48624139
48624140
48624141
48624151
48624152
48624153
48624156
48624160
48624161
48624162
48624199
48624207
48624284
48624285
48624286
48624289
48624290
48624291
48624292
48624303
48624306
48624315
48624350
48624353
48624357
48624372
48624405
48624408
48624409
48624467
48624502
48624524
48624533
48624543
48624607
48624613
48624643
48624649
48624651
48624789
48624809
48624810
48624811
48624845
48624860
48624870
48624871
48624872
48624877
48624879
48625266
48625267
48625268
48625269
48625274
48625278
48625279
48625445
48625445
48625446
48625453
48625462
48625470
48625479
48625490
48625505
48625533
48625539
48625542
48625550
48625557
48625573
48625574
48625575
48625616
48625620
48625631
48625632
48625637
48625687
48625708
48625765
48625936
48625940
48625948
48625949
48625983
48625987
48625988
48625991
48625991
48625994
48625995
48625999
48626000
48626220
48626221
48626224
48626281
48626282
48626291
48626360
48626368
48626381
48626584
48626625
48626645
48626649
48626650
48626694
48626773
48626798
48626808
48626811
48626817
48626818
48626823
48626827
48626871
48626872
48626879
48626887
48626890
48626898
48626918
48626925
48626927
48626931
48626949
48626980
48626987
48627055
48627056
48627057
48627091
48627092
48627163
48627557
48627563
48627568
48627569
48627584
48627589
48627593
48627594
48627647
48627813
48627829
48628037
48628109
48628118
48628119
48628127
48628184
48628360
48628364
48628365
48628743
48628744
48628751
48628754
48628762
48628783
48628784
48628836
48628848
48628850
48628854
48628855
48628855
48628861
48628865
48628866
48628876
48628895
48628896
48628909
48628910
48628914
48628915
48628918
48628922
48628946
48628964
48628971
48628972
48628973
48628974
48628978
48628985
48628985
48628991
48629004
48629004
48629007
48629055
48629056
48629083
48629084
48629088
48629130
48629130
48629138
48629152
48629181
48629182
48629194
48629195
48629198
48629199
48629199
48629200
48629207
48629214
48629267
48629272
48629275
48629294
48629297
48629340
48629347
48629348
48629348
48629349
48629365
48629370
48629391
48629394
48629394
48629395
48629400
48629406
48629409
48629434
48629434
48629435
48629442
48629448
48629449
48629455
48629462
48629463
48629463
48629472
48629475
48629491
48629496
48629503
48629504
48629508
48629514
48629568
48629585
48629606
48629612
48630040
48630092
48630100
48630103
48630104
48630183
48630183
48630189
48630194
48630195
48630200
48630201
48630203
48630204
48630209
48630213
48630216
48630270
48630291
48630292
48630346
48630363
48630369
48630373
48630374
48630379
48630940
48631008
48631009
48631050
48631058
48631066
48631073
48631078
48631089
48631090
48631101
48631102
48631103
48631115
48631137
48631148
48631176
48631180
48631222
48631223
48631231
48631245
48631264
48631265
48631268
48631271
48631273
48631281
48631285
48631286
48631322
48631332
48631352
48631738
48631739
48631748
48631749
48631759
48631760
48631766
48631767
48631768
48631775
48631775
48631776
48631802
48631812
48631825
48631828
48631829
48631830
48631851
48631854
48631854
48631858
48631866
48631888
48631891
48631900
48631901
48631902
48631903
48631923
48631938
48631939
48631940
48631943
48631944
48631947
48631950
48631954
48631960
48631976
48631977
48631979
48631980
48631992
48631992
48631997
48631998
48632008
48632025
48632030
48632066
48632067
48632068
48632075
48632098
48632099
48632114
48632139
48632142
48632154
48632155
48632168
48632175
48632183
48632184
48632188
48632196
48632197
48632198
48632205
48632216
48632231
48632232
48632233
48632247
48632261
48632274
48632279
48632295
48632308
48632321
48632323
48632326
48632332
48632343
48632344
48632351
48632359
48632360
48632363
48632368
48632372
48632378
48632382
48632384
48632397
48632412
48632452
48632547
48632551
48632556
48632559
48632560
48632566
48632611
48632613
48632614
48632641
48632668
48632680
48632701
48632704
48632717
48632718
48632719
48632721
48632786
48632838
48632839
48632840
48632844
48632848
48632857
48633164
48633167
48633173
48633194
48633195
48633221
48633238
48633245
48633248
48633252
48633252
48633253
48633262
48633264
48633274
48633312
48633313
48633330
48633341
48633342
48633343
48633351
48633352
48633353
48633359
48633362
48633363
48633368
48633373
48633377
48633383
48633403
48633425
48633428
48633429
48633436
48633463
48633492
48633508
48633509
48633514
48633515
48633518
48633525
48633537
48633538
48633539
48633540
48633554
48633569
48633570
48633571
48633573
48633577
48633578
48633582
48633583
48633585
48633700
48634060
48634126
48634202
48634234
48634235
48634243
48634293
48634303
48634307
48634313
48634323
48634380
48634381
48634399
48634503
48634506
48634524
48634525
48634528
48634603
48634606
48634607
48634608
48634695
48634701
48634715
48634716
48634771
48634777
48634833
48634839
48634850
48634851
48634852
48634862
48634863
48634918
48634934
48634935
48635016
48635036
48635058
48635159
48635173
48635204
48635205
48635288
48635293
48635386
48635485
48635561
48635580
48635587
48635596
48635606
48635615
48635616
48635634
48635641
48635642
48635646
48635647
48635672
48635680
48635686
48635717
48635726
48635730
48635734
48635741
48635745
48635746
48635747
48635763
48635797
48635798
48635802
48635803
48635815
48635818
48635824
48635825
48635826
48635827
48635895
48635903
48635945
48635965
48635972
48635973
48635983
48635987
48636123
48636123
48636126
48636127
48636128
48636129
48636139
48636139
48636267
48636289
48636694
48636706
48636735
48636737
48636757
48636766
48636892
48636895
48636903
48636912
48636914
48636916
48636928
48637238
48637239
48637255
48637256
48637265
48637266
48637267
48637505
48637740
48637956
48637956
48637959
48637964
48637971
48637972
48638030
48638141
48638175
48638248
48638336
48638363
48638367
48638586
48638606
48638826
48638830
48638831
48639184
48639185
48639238
48639242
48639249
48639250
48639259
48639280
48639773
48639780
48639781
48639782
48639940
48639941
48640076
48640268
48640271
48640271
48640277
48640376
48640465
48640470
48640471
48640472
48640476
48640477
48640604
48640720
48640818
48640828
48640837
48640838
48640839
48640851
48640859
48640866
48640878
48640900
48640910
48640917
48640986
48641081
48641082
48641087
48641106
48641112
48641121
48641127
48641148
48641165
48641174
48641175
48641186
48641187
48641188
48641191
48641192
48641194
48641217
48641218
48641219
48641224
48641234
48641235
48641236
48641237
48641245
48641251
48641261
48641264
48641265
48641270
48641271
48641280
48641281
48641282
48641297
48641328
48641336
48641349
48641354
48641354
48641394
48641395
48641396
48641403
48641404
48641405
48641406
48641412
48641422
48641423
48641424
48641433
48641434
48641443
48641450
48641457
48641460
48641480
48641487
48641488
48641489
48641493
48641494
48641495
48641495
48641496
48641499
48641501
48641502
48641503
48641504
48641507
48641531
48641532
48641533
48641538
48641543
48641550
48641551
48641553
48641557
48641558
48641562
48641565
48641587
48641594
48641595
48641606
48641607
48641621
48641632
48641633
48641646
48641665
48641672
48641677
48641678
48641701
48641701
48641708
48641712
48641717
48641718
48641735
48641736
48641784
48641785
48641785
48641797
48641801
48641812
48641815
48641823
48641827
48641828
48641829
48641830
48641831
48641836
48641840
48641844
48641845
48641885
48641891
48641942
48641948
48641961
48641962
48641968
48641969
48641990
48641991
48641994
48641997
48641999
48642000
48642008
48642026
48642032
48642044
48642054
48642055
48642058
48642102
48642126
48642162
48642540
48642545
48642551
48642578
48642579
48642888
48642943
48642952
48642953
48642990
48643057
48643058
48643093
48643098
48643102
48643103
48643104
48643106
48643107
48643108
48643154
48643155
48643156
48643160
48643173
48643174
48643193
48643193
48643194
48643198
48643199
48643203
48643209
48643215
48643224
48643259
48643265
48643268
48643272
48643278
48643312
48643314
48643315
48643316
48643333
48643348
48643357
48643358
48643396
48643399
48643399
48643409
48643410
48643432
48643447
48643448
48643451
48643452
48643459
48643460
48643464
48643465
48643468
48643478
48643482
48643483
48643484
48643494
48643495
48643496
48643503
48643512
48643515
48643516
48643522
48643528
48643529
48643543
48643544
48643548
48643548
48643549
48643550
48643580
48643586
48643587
48643610
48643615
48643632
48643649
48643678
48643679
48643680
48643729
48643739
48643744
48643752
48643753
48643759
48643784
48643802
48643803
48643807
48643810
48643811
48643815
48643818
48643819
48643819
48643831
48643838
48643838
48643839
48643851
48643859
48643865
48643909
48643922
48643938
48643945
48643946
48644001
48644017
48644036
48644037
48644038
48644089
48644096
48644108
48644141
48644219
48644225
48644226
48644231
48644231
48644232
48644237
48644259
48644263
48644267
48644270
48644271
48644272
48644273
48644276
48644279
48644284
48644297
48644298
48644310
48644317
48644318
48644340
48644341
48644344
48644346
48644347
48644348
48644357
48644359
48644372
48644379
48644388
48644396
48644397
48644401
48644411
48644416
48644417
48644426
48644427
48644427
48644428
48644443
48644444
48644445
48644466
48644470
48644471
48644475
48644478
48644482
48644489
48644490
48644492
48644497
48644499
48644510
48644510
48644528
48644529
48644549
48644615
48644616
48644620
48644637
48644653
48644654
48644654
48644655
48644659
48644663
48644664
48644665
48644716
48644750
48644758
48644759
48644767
48644777
48644778
48644787
48644793
48644794
48644797
48644798
48644802
48644803
48644804
48644835
48644843
48644846
48644851
48644852
48644852
48644853
48644863
48644864
48644865
48644870
48644887
48644888
48644889
48644890
48644891
48644900
48644901
48644902
48644905
48644906
48644906
48644907
48644908
48644911
48644915
48644917
48644964
48644970
48644981
48644990
48644990
48644991
48644996
48645000
48645008
48645009
48645010
48645011
48645011
48645013
48645020
48645023
48645032
48645033
48645038
48645039
48645040
48645042
48645058
48645064
48645067
48645068
48645071
48645072
48645087
48645089
48645090
48645093
48645094
48645098
48645099
48645100
48645101
48645104
48645120
48645126
48645127
48645128
48645129
48645133
48645134
48645145
48645155
48645156
48645160
48645161
48645172
48645173
48645174
48645186
48645190
48645191
48645198
48645199
48645217
48645218
48645221
48645230
48645236
48645237
48645246
48645247
48645258
48645259
48645260
48645281
48645282
48645290
48645295
48645295
48645299
48645314
48645323
48645324
48645326
48645344
48645345
48645346
48645359
48645360
48645361
48645382
48645401
48645402
48645403
48645409
48645414
48645415
48645420
48645421
48645434
48645441
48645442
48645460
48645461
48645471
48645474
48645479
48645494
48645495
48645500
48645501
48645502
48645521
48645533
48645534
48645548
48645549
48645550
48645551
48645556
48645571
48645576
48645577
48645584
48645598
48645607
48645616
48645617
48645629
48645630
48645651
48645670
48645671
48645729
48645744
48645753
48645754
48645765
48645769
48645770
48645771
48645810
48645811
48645822
48645828
48645833
48645845
48645871
48645872
48645873
48645883
48645897
48645898
48645916
48645944
48645945
48645954
48645955
48645956
48645972
48645988
48645989
48646031
48646032
48646037
48646038
48646039
48646040
48646044
48646075
48646096
48646125
48646128
48646134
48646137
48646138
48646139
48646148
48646159
48646160
48646161
48646166
48646180
48646181
48646182
48646192
48646214
48646215
48646216
48646223
48646224
48646225
48646234
48646235
48646236
48646237
48646243
48646243
48646256
48646257
48646261
48646262
48646264
48646265
48646266
48646267
48646272
48646274
48646275
48646278
48646279
48646284
48646285
48646286
48646291
48646292
48646293
48646298
48646325
48646346
48646347
48646348
48646355
48646362
48646365
48646366
48646367
48646368
48646380
48646417
48646418
48646419
48646420
48646424
48646440
48646441
48646442
48646443
48646448
48646448
48646468
48646469
48646472
48646473
48646474
48646477
48646478
48646482
48646483
48646484
48646488
48646505
48646507
48646508
48646511
48646512
48646513
48646518
48646549
48646554
48646557
48646617
48646618
48646626
48646775
48646797
48646824
48646840
48646895
48646896
48646930
48646938
48646939
48646940
48646955
48646958
48646959
48646962
48646973
48646999
48647000
48647007
48647008
48647010
48647022
48647023
48647028
48647034
48647036
48647037
48647038
48647039
48647040
48647046
48647050
48647056
48647057
48647058
48647059
48647099
48647112
48647113
48647138
48647139
48647144
48647145
48647151
48647158
48647165
48647171
48647179
48647182
48647186
48647186
48647187
48647192
48647197
48647198
48647199
48647204
48647205
48647217
48647224
48647232
48647239
48647240
48647252
48647253
48647262
48647281
48647290
48647319
48647324
48647431
48647436
48647786
48647787
48647813
48647814
48647828
48647829
48647843
48647844
48647845
48647857
48647862
48647864
48647884
48647893
48647899
48647912
48647926
48647930
48647931
48647955
48647958
48647959
48647960
48647962
48648005
48648008
48648009
48648012
48648019
48648020
48648021
48648026
48648027
48648033
48648035
48648040
48648055
48648068
48648070
48648074
48648078
48648078
48648081
48648082
48648084
48648085
48648086
48648102
48648106
48648107
48648108
48648112
48648128
48648129
48648130
48648131
48648132
48648161
48648162
48648164
48648165
48648165
48648173
48648174
48648175
48648176
48648202
48648202
48648205
48648208
48648209
48648212
48648237
48648238
48648239
48648249
48648250
48648257
48648258
48648259
48648277
48648278
48648288
48648289
48648290
48648320
48648321
48648332
48648333
48648334
48648337
48648341
48648342
48648343
48648350
48648355
48648391
48648392
48648393
48648393
48648394
48648394
48648397
48648398
48648399
48648400
48648515
48648517
48648520
48648537
48648544
48648567
48648568
48648569
48648786
48648792
48648853
48648871
48648878
48648905
48648914
48649113
48649181
48649184
48649227
48649228
48649229
48649230
48649266
48649271
48649276
48649277
48649278
48649396
48649402
48649408
48649450
48649451
48649452
48649495
48649502
48649503
48649504
48649509
48649512
48649517
48649526
48649527
48649527
48649528
48649532
48649533
48649534
48649537
48649542
48649553
48649561
48649562
48649571
48649578
48649579
48649580
48649583
48649583
48649584
48649585
48649586
48649599
48649605
48649606
48649607
48649612
48649615
48649620
48649632
48649637
48649640
48649641
48649642
48649650
48649684
48649685
48649686
48649688
48649694
48649696
48649699
48649705
48649706
48649715
48649734
48649741
48649750
48649753
48649754
48649755
48649759
48649765
48649779
48649780
48649781
48649790
48649800
48649805
48649810
48649820
48649824
48649839
48649839
48649843
48649858
48649889
48649893
48649896
48649897
48649900
48649901
48649917
48649927
48649928
48649929
48649930
48649933
48649935
48649941
48649945
48649946
48649955
48649959
48649965
48649968
48649995
48649997
48649998
48650015
48650025
48650035
48650041
48650048
48650052
48650053
48650060
48650076
48650077
48650078
48650079
48650084
48650086
48650091
48650095
48650104
48650112
48650120
48650123
48650130
48650130
48650139
48650140
48650147
48650159
48650160
48650161
48650162
48650168
48650169
48650173
48650176
48650197
48650205
48650206
48650221
48650222
48650254
48650255
48650256
48650259
48650263
48650264
48650265
48650266
48650280
48650283
48650284
48650285
48650286
48650287
48650293
48650294
48650295
48650296
48650311
48650313
48650314
48650315
48650316
48650323
48650326
48650331
48650332
48650333
48650333
48650342
48650364
48650365
48650369
48650370
48650383
48650385
48650387
48650388
48650391
48650400
48650401
48650404
48650404
48650405
48650406
48650410
48650427
48650441
48650447
48650448
48650472
48650473
48650484
48650487
48650492
48650493
48650500
48650518
48650519
48650520
48650520
48650521
48650521
48650526
48650527
48650528
48650547
48650548
48650558
48650564
48650575
48650576
48650579
48650586
48650587
48650588
48650589
48650602
48650603
48650609
48650614
48650615
48650636
48650637
48650641
48650644
48650649
48650650
48650662
48650663
48650698
48650729
48650734
48650743
48650744
48650745
48650748
48650751
48650755
48650773
48650776
48650779
48650780
48650785
48650785
48650790
48650814
48650816
48650822
48650833
48650835
48650836
48650840
48650845
48650857
48650871
48650872
48650873
48650873
48650879
48650883
48650884
48650894
48650904
48650907
48650911
48650920
48650935
48650936
48650937
48650942
48650947
48650948
48650957
48650961
48650970
48650971
48650980
48650993
48651006
48651007
48651019
48651023
48651031
48651035
48651036
48651043
48651057
48651060
48651061
48651079
48651090
48651096
48651097
48651109
48651114
48651115
48651120
48651121
48651135
48651139
48651140
48651145
48651158
48651159
48651176
48651181
48651214
48651221
48651226
48651227
48651235
48651251
48651270
48651271
48651276
48651278
48651279
48651282
48651285
48651286
48651287
48651288
48651299
48651300
48651307
48651345
48651380
48651383
48651409
48651423
48651426
48651437
48651438
48651439
48651443
48651449
48651450
48651451
48651462
48651474
48651475
48651488
48651489
48651493
48651493
48651494
48651500
48651505
48651506
48651521
48651524
48651533
48651545
48651546
48651550
48651551
48651552
48651558
48651564
48651565
48651566
48651586
48651590
48651591
48651594
48651595
48651595
48651596
48651632
48651638
48651639
48651641
48651647
48651650
48651655
48651656
48651657
48651674
48651679
48651698
48651702
48651705
48651720
48651723
48651738
48651739
48651740
48651753
48651763
48651764
48651784
48651785
48651786
48651787
48651788
48651798
48651818
48651819
48651868
48651911
48651912
48651913
48651914
48651987
48651988
48651989
48651992
48651995
48652011
48652012
48652017
48652018
48652019
48652020
48652024
48652031
48652031
48652034
48652043
48652050
48652051
48652051
48652064
48652066
48652075
48652077
48652085
48652095
48652118
48652119
48652120
48652128
48652129
48652152
48652158
48652158
48652163
48652169
48652170
48652171
48652200
48652207
48652210
48652220
48652224
48652227
48652228
48652231
48652238
48652251
48652258
48652264
48652265
48652290
48652291
48652294
48652307
48652312
48652321
48652324
48652331
48652332
48652335
48652338
48652339
48652342
48652345
48652366
48652367
48652368
48652381
48652392
48652393
48652402
48652407
48652419
48652420
48652421
48652422
48652423
48652423
48652428
48652429
48652433
48652434
48652437
48652447
48652448
48652449
48652455
48652456
48652474
48652477
48652482
48652485
48652488
48652489
48652492
48652497
48652498
48652500
48652501
48652504
48652505
48652506
48652516
48652519
48652520
48652548
48652551
48652551
48652552
48652553
48652556
48652559
48652570
48652571
48652579
48652583
48652593
48652596
48652597
48652598
48652601
48652609
48652612
48652630
48652632
48652636
48652646
48652649
48652650
48652657
48652662
48652663
48652667
48652676
48652677
48652678
48652685
48652686
48652687
48652688
48652721
48652724
48652734
48652758
48652779
48652798
48652800
48652823
48652827
48652833
48652839
48652861
48652862
48652881
48652915
48652918
48652933
48652936
48652940
48652946
48652949
48652950
48652961
48652964
48652965
48652966
48652966
48652967
48652995
48652998
48653010
48653016
48653024
48653027
48653034
48653035
48653055
48653066
48653067
48653068
48653069
48653082
48653093
48653094
48653095
48653096
48653096
48653123
48653126
48653129
48653130
48653142
48653155
48653182
48653236
48653237
48653242
48653243
48653250
48653251
48653269
48653299
48653301
48653363
48653364
48653375
48653376
48653390
48653391
48653409
48653414
48653421
48653427
48653428
48653431
48653437
48653449
48653454
48653461
48653471
48653472
48653473
48653480
48653487
48653508
48653510
48653521
48653549
48653555
48653559
48653566
48653567
48653569
48653572
48653580
48653581
48653582
48653599
48653602
48653605
48653618
48653619
48653620
48653621
48653624
48653625
48653626
48653637
48653673
48653674
48653676
48653677
48653678
48653686
48653687
48653694
48653696
48653709
48653710
48653711
48653712
48653713
48653727
48653762
48653771
48653778
48653781
48653786
48653789
48653804
48653809
48653810
48653811
48653815
48653820
48653821
48653823
48653837
48653838
48653855
48653863
48653880
48653881
48653884
48653885
48653888
48653895
48653896
48653897
48653898
48653901
48653903
48653904
48653908
48653944
48653962
48653992
48653996
48653997
48654002
48654029
48654045
48654050
48654050
48654051
48654056
48654057
48654059
48654096
48654097
48654101
48654102
48654117
48654130
48654137
48654143
48654144
48654145
48654149
48654150
48654153
48654159
48654163
48654181
48654181
48654182
48654195
48654218
48654221
48654224
48654225
48654231
48654235
48654236
48654255
48654261
48654265
48654272
48654286
48654319
48654331
48654360
48654361
48654362
48654367
48654370
48654371
48654372
48654376
48654384
48654385
48654408
48654412
48654413
48654414
48654415
48654420
48654424
48654436
48654441
48654444
48654445
48654446
48654447
48654448
48654451
48654464
48654465
48654466
48654471
48654476
48654477
48654478
48654479
48654479
48654493
48654494
48654495
48654496
48654500
48654507
48654508
48654509
48654534
48654537
48654538
48654558
48654563
48654564
48654568
48654574
48654583
48654586
48654588
48654598
48654599
48654610
48654611
48654614
48654619
48654620
48654625
48654626
48654627
48654633
48654652
48654657
48654662
48654663
48654672
48654673
48654685
48654686
48654692
48654697
48654701
48654710
48654719
48654720
48654726
48654731
48654741
48654756
48654767
48654780
48654817
48654837
48654844
48654845
48654864
48654867
48654868
48654873
48654879
48654881
48654891
48654892
48654909
48654916
48654936
48654937
48654947
48654948
48654967
48654971
48654974
48654975
48654981
48654990
48654999
48655000
48655007
48655024
48655043
48655047
48655050
48655056
48655061
48655077
48655087
48655097
48655101
48655102
48655106
48655107
48655113
48655122
48655125
48655132
48655137
48655145
48655149
48655150
48655151
48655152
48655153
48655154
48655170
48655177
48655178
48655198
48655204
48655209
48655222
48655222
48655223
48655224
48655228
48655229
48655234
48655258
48655259
48655260
48655469
48655500
48655506
48655512
48655575
48655590
48655602
48655611
48655641
48655654
48655690
48655731
48655739
48655756
48655771
48655814
48655815
48655820
48655830
48655834
48655835
48655836
48655839
48655845
48655846
48655858
48655879
48655880
48655881
48655885
48655889
48655903
48655913
48655927
48655937
48655943
48655944
48655949
48655955
48655964
48655965
48655966
48655967
48655977
48655999
48656004
48656008
48656009
48656027
48656078
48656097
48656130
48656138
48656142
48656147
48656151
48656166
48656170
48656171
48656172
48656177
48656182
48656183
48656184
48656185
48656197
48656211
48656225
48656232
48656246
48656249
48656251
48656254
48656268
48656280
48656290
48656314
48656315
48656349
48656362
48656363
48656383
48656387
48656395
48656398
48656399
48656407
48656416
48656461
48656466
48656467
48656478
48656482
48656483
48656484
48656501
48656544
48656545
48656763
48656789
48656793
48656797
48656829
48656829
48656838
48656900
48656906
48656915
48656930
48656936
48656937
48656940
48656943
48656962
48656969
48656970
48656996
48657011
48657059
48657078
48657087
48657090
48657118
48657119
48657139
48657153
48657206
48657207
48657217
48657218
48657219
48657221
48657412
48657869
48657900
48657914
48657956
48657964
48657971
48657972
48657977
48657982
48657983
48657986
48657995
48658015
48658025
48658028
48658030
48658031
48658032
48658357
48658360
48658363
48658377
48658391
48658392
48658412
48658416
48658417
48658418
48658432
48658451
48658461
48658462
48658466
48658467
48658478
48658482
48658498
48658501
48658522
48658527
48658528
48658532
48658533
48658544
48658560
48658568
48658617
48658622
48658626
48658637
48658640
48658643
48658650
48658675
48658676
48658684
48658690
48658748
48658755
48658805
48658824
48658825
48658826
48658841
48658843
48658844
48658870
48658876
48658877
48658879
48658886
48658890
48658891
48658962
48659003
48659013
48659016
48659017
48659018
48659025
48659026
48659053
48659061
48659062
48659074
48659075
48659078
48659109
48659117
48659134
48659136
48659137
48659138
48659139
48659152
48659156
48659156
48659161
48659162
48659162
48659165
48659173
48659174
48659179
48659187
48659190
48659199
48659225
48659228
48659228
48659233
48659234
48659242
48659243
48659244
48659281
48659294
48659295
48659296
48659312
48659323
48659326
48659327
48659328
48659329
48659337
48659338
48659341
48659342
48659373
48659374
48659375
48659382
48659386
48659388
48659389
48659391
48659399
48659408
48659409
48659477
48659513
48659516
48659517
48659538
48659548
48659576
48659603
48659608
48659609
48659613
48659614
48659615
48659616
48659623
48659627
48659631
48659674
48659683
48659689
48659691
48659720
48659729
48659740
48659745
48659752
48659755
48659758
48659761
48659764
48659767
48659771
48659806
48659808
48659809
48659812
48659813
48659818
48659819
48659828
48659829
48659830
48659869
48659870
48659871
48659875
48659891
48659900
48659901
48659904
48659911
48659914
48659916
48659918
48659919
48659921
48659922
48659926
48659929
48659929
48659930
48659931
48659950
48659951
48659972
48659973
48660004
48660005
48660014
48660015
48660021
48660022
48660033
48660036
48660042
48660046
48660047
48660090
48660090
48660093
48660094
48660095
48660095
48660101
48660109
48660126
48660127
48660152
48660155
48660156
48660156
48660157
48660160
48660161
48660173
48660202
48660205
48660205
48660208
48660209
48660215
48660216
48660219
48660220
48660221
48660244
48660278
48660280
48660293
48660295
48660296
48660296
48660297
48660307
48660308
48660309
48660325
48660326
48660327
48660328
48660344
48660349
48660359
48660369
48660372
48660375
48660411
48660412
48660417
48660418
48660422
48660426
48660427
48660445
48660449
48660450
48660455
48660456
48660460
48660461
48660484
48660485
48660486
48660499
48660504
48660506
48660510
48660516
48660517
48660518
48660523
48660524
48660525
48660528
48660529
48660535
48660553
48660558
48660568
48660569
48660570
48660573
48660575
48660580
48660584
48660585
48660593
48660594
48660597
48660609
48660610
48660611
48660615
48660616
48660617
48660621
48660622
48660639
48660640
48660643
48660644
48660649
48660656
48660657
48660664
48660672
48660673
48660677
48660677
48660678
48660687
48660690
48660692
48660693
48660694
48660699
48660700
48660714
48660720
48660725
48660726
48660727
48660744
48660745
48660746
48660749
48660766
48660770
48660781
48660796
48660796
48660797
48660798
48660799
48660817
48660818
48660818
48660819
48660829
48660830
48660850
48660851
48660852
48660855
48660865
48660866
48660892
48660901
48660902
48660904
48660905
48660911
48660915
48660918
48660932
48660937
48660961
48660966
48660979
48660980
48660982
48660985
48660992
48661007
48661011
48661020
48661021
48661039
48661074
48661078
48661079
48661080
48661081
48661082
48661085
48661086
48661087
48661088
48661094
48661110
48661111
48661114
48661115
48661126
48661132
48661132
48661136
48661147
48661153
48661172
48661179
48661180
48661188
48661189
48661190
48661190
48661191
48661195
48661201
48661217
48661218
48661219
48661220
48661221
48661222
48661225
48661226
48661228
48661229
48661232
48661233
48661247
48661267
48661268
48661280
48661281
48661293
48661294
48661326
48661327
48661328
48661329
48661329
48661342
48661360
48661371
48661389
48661390
48661399
48661400
48661404
48661404
48661412
48661413
48661439
48661456
48661469
48661474
48661475
48661484
48661485
48661486
48661489
48661489
48661490
48661490
48661500
48661547
48661548
48661559
48661563
48661565
48661569
48661574
48661580
48661612
48661613
48661621
48661625
48661626
48661630
48661631
48661631
48661640
48661658
48661661
48661721
48661729
48661730
48661731
48661735
48661736
48661737
48661738
48661741
48661745
48661746
48661761
48661762
48661818
48661822
48661833
48661847
48661848
48661849
48661857
48661861
48661866
48661876
48661879
48661882
48661883
48661915
48661924
48661945
48661946
48661954
48661955
48661965
48661968
48661987
48661988
48661996
48662009
48662011
48662025
48662038
48662070
48662091
48662178
48662188
48662190
48662210
48662211
48662218
48662219
48662226
48662230
48662235
48662623
48662655
48662671
48662673
48662684
48662699
48662715
48662724
48662737
48662738
48662748
48662749
48662750
48662760
48662768
48662775
48662776
48662783
48662796
48662797
48662802
48662807
48662808
48662813
48662814
48662843
48662850
48662859
48662861
48662890
48662895
48662900
48662901
48662905
48662906
48662907
48662913
48662927
48662932
48662933
48662972
48662996
48662997
48663046
48663048
48663049
48663054
48663091
48663092
48663098
48663099
48663100
48663101
48663103
48663144
48663178
48663179
48663182
48663190
48663204
48663207
48663259
48663260
48663267
48663271
48663277
48663289
48663299
48663302
48663316
48663319
48663321
48663322
48663325
48663326
48663327
48663352
48663353
48663356
48663357
48663372
48663389
48663390
48663406
48663410
48663422
48663422
48663429
48663479
48663480
48663488
48663494
48663495
48663506
48663506
48663539
48663540
48663556
48663556
48663557
48663589
48663592
48663602
48663605
48663610
48663611
48663619
48663651
48663651
48663654
48663655
48663658
48663659
48663662
48663664
48663665
48663671
48663672
48663676
48663682
48663687
48663713
48663714
48663717
48663721
48663726
48663740
48663754
48663759
48663760
48663763
48663768
48663792
48663823
48663824
48663831
48663849
48663853
48663855
48663861
48663862
48663863
48663863
48663870
48663871
48663879
48663879
48663880
48663891
48663894
48663896
48663897
48663898
48663915
48663924
48663927
48663927
48663932
48663944
48663952
48663953
48663958
48663959
48663959
48663960
48663960
48663961
48663964
48663965
48663966
48663981
48663982
48663997
48664002
48664013
48664014
48664019
48664025
48664026
48664032
48664033
48664034
48664040
48664053
48664068
48664076
48664082
48664087
48664088
48664099
48664100
48664104
48664105
48664106
48664116
48664131
48664132
48664137
48664141
48664149
48664150
48664152
48664164
48664183
48664184
48664199
48664222
48664230
48664231
48664232
48664256
48664259
48664275
48664276
48664289
48664290
48664332
48664333
48664356
48664359
48664367
48664380
48664381
48664382
48664392
48664393
48664394
48664410
48664410
48664411
48664412
48664413
48664423
48664425
48664432
48664436
48664453
48664469
48664476
48664503
48664513
48664514
48664545
48664552
48664562
48664564
48664570
48664571
48664575
48664578
48664585
48664586
48664587
48664613
48664617
48664622
48664623
48664627
48664651
48664672
48664678
48664682
48664701
48664702
48664703
48664704
48664706
48664708
48664711
48664712
48664715
48664722
48664728
48664729
48664730
48664740
48664741
48664767
48664768
48664782
48664783
48664794
48664797
48664818
48664819
48664851
48664857
48664868
48664869
48664874
48664889
48664890
48664891
48664894
48664895
48664900
48664903
48664912
48664913
48664914
48664944
48664945
48664946
48664954
48664958
48664959
48664960
48664960
48664963
48664964
48664965
48664966
48665001
48665002
48665009
48665010
48665021
48665022
48665023
48665034
48665037
48665070
48665076
48665076
48665077
48665078
48665079
48665090
48665095
48665097
48665100
48665111
48665112
48665115
48665126
48665184
48665217
48665274
48665275
48665286
48665287
48665287
48665288
48665290
48665295
48665299
48665300
48665302
48665328
48665344
48665432
48665449
48665468
48665566
48665569
48665570
48665573
48665574
48665575
48665613
48665614
48665622
48665650
48665657
48665678
48665690
48665709
48665710
48665722
48665723
48665724
48665748
48665878
48665879
48665885
48666234
48666235
48666239
48666261
48666262
48666263
48666271
48666271
48666275
48666276
48666277
48666313
48666318
48666321
48666334
48666335
48666346
48666349
48666355
48666368
48666369
48666370
48666376
48666390
48666393
48666420
48666421
48666422
48666433
48666445
48666447
48666457
48666458
48666463
48666466
48666471
48666475
48666479
48666480
48666498
48666504
48666516
48666539
48666542
48666555
48666555
48666556
48666561
48666568
48666569
48666570
48666571
48666615
48666631
48666632
48666633
48666634
48666643
48666652
48666663
48666667
48666680
48666682
48666690
48666694
48666700
48666714
48666723
48666731
48666737
48666744
48666750
48666751
48666752
48666753
48666761
48666762
48666763
48666769
48666770
48666773
48666787
48666799
48666800
48666800
48666801
48666802
48666803
48666804
48666811
48666813
48666814
48666814
48666818
48666835
48666836
48666837
48666848
48666854
48666863
48666868
48666904
48666908
48666909
48666912
48666917
48666918
48666964
48666983
48666984
48667060
48667235
48667253
48667285
48667335
48667370
48667427
48667438
48667481
48667485
48667500
48667501
48667502
48667519
48667523
48667598
48667599
48667637
48667663
48667666
48667667
48667668
48667672
48667681
48667684
48667695
48667703
48667704
48667719
48667732
48668299
48668319
48668354
48668358
48668370
48668411
48668428
48668452
48668457
48668473
48668736
48668803
48668824
48668825
48668830
48668966
48668967
48668987
48669300
48669331
48669332
48669404
48669413
48669427
48669431
48669432
48669587
48669746
48669817
48669842
48669860
48669867
48669878
48669879
48669880
48669880
48669881
48669891
48669893
48669894
48669949
48669950
48669950
48669951
48669956
48669957
48669964
48669965
48669966
48669973
48669988
48669994
48669995
48670000
48670006
48670007
48670017
48670018
48670027
48670028
48670043
48670046
48670058
48670059
48670060
48670072
48670101
48670102
48670108
48670113
48670142
48670242
48670245
48670340
48670354
48670376
48670377
48670384
48670505
48670552
48670692
48670711
48670712
48670722
48670729
48670730
48670731
48670737
48670738
48670749
48670752
48670781
48670866
48670867
48670899
48670909
48670914
48670933
48670934
48670962
48670963
48670964
48670965
48670971
48670974
48670975
48670976
48670983
48670994
48670995
48671002
48671003
48671004
48671150
48671157
48671160
48671164
48671167
48671309
48671631
48671632
48671636
48671637
48671659
48671708
48671747
48671750
48671753
48671788
48671789
48671790
48671796
48671809
48671912
48671935
48671944
48671946
48671947
48671948
48671949
48671952
48671968
48671972
48671982
48672026
48672027
48672028
48672028
48672039
48672040
48672043
48672044
48672047
48672048
48672054
48672055
48672129
48672130
48672131
48672154
48672166
48672172
48672173
48672174
48672177
48672180
48672183
48672197
48672211
48672212
48672223
48672247
48672248
48672249
48672260
48672263
48672264
48672271
48672289
48672290
48672291
48672292
48672302
48672308
48672315
48672322
48672323
48672330
48672331
48672332
48672336
48672358
48672370
48672371
48672372
48672376
48672377
48672385
48672386
48672387
48672393
48672394
48672394
48672403
48672406
48672425
48672434
48672440
48672441
48672441
48672474
48672485
48672486
48672487
48672502
48672503
48672504
48672505
48672520
48672521
48672522
48672523
48672524
48672525
48672534
48672535
48672535
48672536
48672554
48672555
48672560
48672566
48672595
48672601
48672646
48672661
48672662
48672673
48672707
48672745
48672746
48672747
48672757
48672763
48672770
48672780
48672781
48672785
48672786
48672787
48672788
48672847
48672862
48672863
48672864
48672865
48672872
48672878
48672879
48672883
48672883
48672887
48672889
48672890
48672902
48672913
48672915
48672916
48672917
48672920
48672924
48672928
48672930
48672936
48672940
48672942
48672943
48672962
48672964
48672971
48672973
48672984
48672992
48673005
48673011
48673017
48673018
48673019
48673030
48673031
48673035
48673036
48673036
48673037
48673038
48673041
48673041
48673042
48673044
48673078
48673079
48673079
48673080
48673081
48673082
48673083
48673084
48673091
48673091
48673139
48673145
48673148
48673151
48673152
48673153
48673155
48673159
48673160
48673161
48673162
48673163
48673172
48673195
48673203
48673204
48673207
48673208
48673219
48673237
48673253
48673253
48673254
48673255
48673256
48673259
48673262
48673265
48673269
48673280
48673287
48673288
48673289
48673298
48673303
48673303
48673304
48673307
48673315
48673316
48673316
48673317
48673317
48673318
48673320
48673324
48673328
48673335
48673336
48673364
48673366
48673367
48673373
48673374
48673375
48673377
48673383
48673384
48673385
48673386
48673387
48673387
48673391
48673392
48673401
48673404
48673409
48673420
48673421
48673422
48673423
48673426
48673430
48673431
48673432
48673433
48673435
48673453
48673456
48673468
48673488
48673493
48673495
48673498
48673499
48673500
48673501
48673507
48673516
48673529
48673538
48673544
48673547
48673559
48673562
48673564
48673565
48673660
48673666
48673674
48673694
48673695
48673706
48673760
48673761
48673777
48673788
48673789
48673790
48673791
48673792
48673802
48673807
48673808
48673809
48673819
48673824
48673827
48673832
48673833
48673848
48673849
48673860
48673865
48673866
48673869
48673878
48673879
48673879
48673884
48673892
48673895
48673900
48673907
48673908
48673908
48673909
48673910
48673914
48673925
48673926
48673927
48673960
48673961
48673964
48673965
48673972
48673996
48673997
48674021
48674027
48674028
48674031
48674036
48674037
48674044
48674045
48674051
48674057
48674058
48674059
48674064
48674065
48674091
48674098
48674099
48674100
48674101
48674118
48674119
48674134
48674144
48674144
48674147
48674164
48674191
48674197
48674198
48674204
48674205
48674220
48674221
48674224
48674225
48674226
48674241
48674242
48674243
48674245
48674253
48674258
48674259
48674263
48674273
48674299
48674302
48674303
48674304
48674305
48674305
48674314
48674317
48674319
48674320
48674332
48674341
48674344
48674355
48674356
48674375
48674376
48674384
48674385
48674385
48674386
48674387
48674395
48674396
48674401
48674408
48674409
48674411
48674413
48674451
48674452
48674457
48674461
48674468
48674471
48674472
48674476
48674485
48674492
48674493
48674494
48674509
48674521
48674525
48674526
48674527
48674528
48674548
48674558
48674559
48674560
48674570
48674573
48674576
48674577
48674578
48674586
48674587
48674588
48674594
48674597
48674603
48674604
48674612
48674613
48674614
48674630
48674635
48674651
48674658
48674663
48674664
48674685
48674689
48674692
48674693
48674694
48674697
48674698
48674705
48674706
48674707
48674710
48674713
48674717
48674723
48674730
48674730
48674731
48674731
48674732
48674736
48674743
48674744
48674757
48674758
48674759
48674771
48674773
48674774
48674775
48674778
48674781
48674782
48674783
48674802
48674803
48674804
48674807
48674808
48674809
48674815
48674816
48674816
48674817
48674836
48674846
48674847
48674852
48674853
48674856
48674865
48674877
48674882
48674883
48674890
48674893
48674894
48674938
48674939
48674951
48674962
48674974
48674987
48674988
48674989
48674997
48675001
48675014
48675016
48675017
48675020
48675028
48675032
48675033
48675035
48675038
48675052
48675053
48675057
48675058
48675059
48675109
48675112
48675118
48675132
48675133
48675140
48675145
48675146
48675147
48675154
48675155
48675159
48675199
48675202
48675203
48675209
48675285
48675727
48675730
48675739
48675740
48675740
48675751
48675751
48675764
48675781
48675782
48675783
48675784
48675785
48675793
48675794
48675851
48675852
48675856
48675861
48675862
48675864
48675869
48675878
48675879
48675880
48675882
48675883
48675898
48675899
48675905
48675906
48675907
48675907
48675908
48675909
48675910
48675911
48675917
48675923
48675944
48675945
48675946
48675947
48675948
48675951
48675952
48675953
48675964
48675969
48675970
48675971
48675978
48675984
48675985
48675990
48675991
48676013
48676020
48676023
48676024
48676029
48676040
48676052
48676072
48676073
48676077
48676078
48676079
48676080
48676088
48676095
48676096
48676116
48676123
48676124
48676127
48676128
48676129
48676142
48676146
48676152
48676155
48676166
48676167
48676180
48676193
48676201
48676202
48676209
48676210
48676214
48676215
48676216
48676216
48676217
48676229
48676230
48676236
48676237
48676244
48676252
48676253
48676262
48676263
48676273
48676277
48676279
48676280
48676284
48676285
48676285
48676286
48676286
48676296
48676297
48676303
48676304
48676307
48676315
48676316
48676325
48676338
48676339
48676343
48676358
48676359
48676366
48676370
48676378
48676387
48676388
48676389
48676397
48676398
48676399
48676402
48676403
48676411
48676412
48676416
48676417
48676418
48676423
48676427
48676445
48676458
48676461
48676463
48676464
48676464
48676465
48676466
48676473
48676477
48676483
48676494
48676497
48676503
48676514
48676519
48676520
48676531
48676532
48676533
48676533
48676534
48676535
48676549
48676550
48676553
48676556
48676557
48676559
48676570
48676571
48676572
48676578
48676589
48676597
48676606
48676607
48676608
48676613
48676630
48676631
48676634
48676635
48676636
48676637
48676640
48676641
48676659
48676663
48676664
48676670
48676676
48676677
48676678
48676679
48676685
48676686
48676687
48676694
48676695
48676696
48676704
48676708
48676709
48676714
48676715
48676716
48676721
48676722
48676730
48676739
48676744
48676749
48676750
48676753
48676760
48676776
48676777
48676778
48676786
48676796
48676799
48676807
48676817
48676817
48676827
48676828
48676828
48676834
48676840
48676864
48676867
48676875
48676880
48676896
48676902
48676906
48676915
48676933
48676939
48676940
48676952
48676960
48676961
48676968
48676971
48676981
48677006
48677054
48677091
48677095
48677103
48677107
48677110
48677117
48677118
48677124
48677153
48677171
48677175
48677210
48677255
48677256
48677257
48677265
48677271
48677272
48677283
48677302
48677315
48677335
48677373
48677376
48677377
48677380
48677381
48677382
48677394
48677404
48677408
48677409
48677412
48677413
48677451
48677453
48677464
48677464
48677465
48677473
48677492
48677493
48677501
48677522
48677531
48677552
48677565
48677581
48677583
48677589
48677595
48677598
48677617
48677621
48677627
48677628
48677661
48677724
48677790
48677804
48677819
48677846
48677847
48677860
48677861
48677862
48677869
48677870
48677881
48678262
48678267
48678268
48678269
48678278
48678279
48678287
48678293
48678325
48678351
48678384
48678392
48678407
48678452
48678485
48678492
48678493
48678494
48678498
48678499
48678524
48678525
48678525
48678529
48678531
48678540
48678541
48678541
48678557
48678558
48678559
48678560
48678561
48678570
48678571
48678572
48678582
48678589
48678594
48678595
48678603
48678613
48678624
48678625
48678626
48678627
48678630
48678635
48678636
48678637
48678639
48678651
48678656
48678660
48678663
48678672
48678678
48678692
48678693
48678696
48678697
48678702
48678705
48678708
48678709
48678714
48678728
48678742
48678761
48678766
48678771
48678775
48678782
48678783
48678785
48678786
48678787
48678842
48678885
48678908
48678913
48678924
48678947
48678959
48678992
48679007
48679008
48679017
48679066
48679090
48679091
48679092
48679099
48679099
48679157
48679180
48679184
48679187
48679196
48679203
48679213
48679563
48679568
48679569
48679570
48679603
48679694